run,seed,degraded1,onset1_s,rate1,fail1_s,recover1_s,degraded2,onset2_s,rate2,fail2_s,recover2_s,degraded3,onset3_s,rate3,fail3_s,recover3_s,degraded4,onset4_s,rate4,fail4_s,recover4_s,t,method,active_provider,accuracy,latency_ms,reliability,utility,failover_event
44,1278,idt2b,10.153,0.13607,22.133,33.027,idt2a,51.614,0.19736,62.829,79.69,idt2b,93.908,0.22102,105.469,123.982,idt2a,140.614,0.24355,148.533,162.311,0,qos_aware,idt2a,0.98,14.0,0.998,0.9605,0
44,1278,idt2b,10.153,0.13607,22.133,33.027,idt2a,51.614,0.19736,62.829,79.69,idt2b,93.908,0.22102,105.469,123.982,idt2a,140.614,0.24355,148.533,162.311,1,qos_aware,idt2a,0.98,14.0,0.998,0.9605,0
44,1278,idt2b,10.153,0.13607,22.133,33.027,idt2a,51.614,0.19736,62.829,79.69,idt2b,93.908,0.22102,105.469,123.982,idt2a,140.614,0.24355,148.533,162.311,2,qos_aware,idt2a,0.98,14.0,0.998,0.9605,0
44,1278,idt2b,10.153,0.13607,22.133,33.027,idt2a,51.614,0.19736,62.829,79.69,idt2b,93.908,0.22102,105.469,123.982,idt2a,140.614,0.24355,148.533,162.311,3,qos_aware,idt2a,0.98,14.0,0.998,0.9605,0
44,1278,idt2b,10.153,0.13607,22.133,33.027,idt2a,51.614,0.19736,62.829,79.69,idt2b,93.908,0.22102,105.469,123.982,idt2a,140.614,0.24355,148.533,162.311,4,qos_aware,idt2a,0.98,14.0,0.998,0.9605,0
44,1278,idt2b,10.153,0.13607,22.133,33.027,idt2a,51.614,0.19736,62.829,79.69,idt2b,93.908,0.22102,105.469,123.982,idt2a,140.614,0.24355,148.533,162.311,5,qos_aware,idt2a,0.98,14.0,0.998,0.9605,0
44,1278,idt2b,10.153,0.13607,22.133,33.027,idt2a,51.614,0.19736,62.829,79.69,idt2b,93.908,0.22102,105.469,123.982,idt2a,140.614,0.24355,148.533,162.311,6,qos_aware,idt2a,0.98,14.0,0.998,0.9605,0
44,1278,idt2b,10.153,0.13607,22.133,33.027,idt2a,51.614,0.19736,62.829,79.69,idt2b,93.908,0.22102,105.469,123.982,idt2a,140.614,0.24355,148.533,162.311,7,qos_aware,idt2a,0.98,14.0,0.998,0.9605,0
44,1278,idt2b,10.153,0.13607,22.133,33.027,idt2a,51.614,0.19736,62.829,79.69,idt2b,93.908,0.22102,105.469,123.982,idt2a,140.614,0.24355,148.533,162.311,8,qos_aware,idt2a,0.98,14.0,0.998,0.9605,0
44,1278,idt2b,10.153,0.13607,22.133,33.027,idt2a,51.614,0.19736,62.829,79.69,idt2b,93.908,0.22102,105.469,123.982,idt2a,140.614,0.24355,148.533,162.311,9,qos_aware,idt2a,0.98,14.0,0.998,0.9605,0
44,1278,idt2b,10.153,0.13607,22.133,33.027,idt2a,51.614,0.19736,62.829,79.69,idt2b,93.908,0.22102,105.469,123.982,idt2a,140.614,0.24355,148.533,162.311,10,qos_aware,idt2a,0.98,14.0,0.998,0.9605,0
44,1278,idt2b,10.153,0.13607,22.133,33.027,idt2a,51.614,0.19736,62.829,79.69,idt2b,93.908,0.22102,105.469,123.982,idt2a,140.614,0.24355,148.533,162.311,11,qos_aware,idt2a,0.98,14.0,0.998,0.9605,0
44,1278,idt2b,10.153,0.13607,22.133,33.027,idt2a,51.614,0.19736,62.829,79.69,idt2b,93.908,0.22102,105.469,123.982,idt2a,140.614,0.24355,148.533,162.311,12,qos_aware,idt2a,0.98,14.0,0.998,0.9605,0
44,1278,idt2b,10.153,0.13607,22.133,33.027,idt2a,51.614,0.19736,62.829,79.69,idt2b,93.908,0.22102,105.469,123.982,idt2a,140.614,0.24355,148.533,162.311,13,qos_aware,idt2a,0.98,14.0,0.998,0.9605,0
44,1278,idt2b,10.153,0.13607,22.133,33.027,idt2a,51.614,0.19736,62.829,79.69,idt2b,93.908,0.22102,105.469,123.982,idt2a,140.614,0.24355,148.533,162.311,14,qos_aware,idt2a,0.98,14.0,0.998,0.9605,0
44,1278,idt2b,10.153,0.13607,22.133,33.027,idt2a,51.614,0.19736,62.829,79.69,idt2b,93.908,0.22102,105.469,123.982,idt2a,140.614,0.24355,148.533,162.311,15,qos_aware,idt2a,0.98,14.0,0.998,0.9605,0
44,1278,idt2b,10.153,0.13607,22.133,33.027,idt2a,51.614,0.19736,62.829,79.69,idt2b,93.908,0.22102,105.469,123.982,idt2a,140.614,0.24355,148.533,162.311,16,qos_aware,idt2a,0.98,14.0,0.998,0.9605,0
44,1278,idt2b,10.153,0.13607,22.133,33.027,idt2a,51.614,0.19736,62.829,79.69,idt2b,93.908,0.22102,105.469,123.982,idt2a,140.614,0.24355,148.533,162.311,17,qos_aware,idt2a,0.98,14.0,0.998,0.9605,0
44,1278,idt2b,10.153,0.13607,22.133,33.027,idt2a,51.614,0.19736,62.829,79.69,idt2b,93.908,0.22102,105.469,123.982,idt2a,140.614,0.24355,148.533,162.311,18,qos_aware,idt2a,0.98,14.0,0.998,0.9605,0
44,1278,idt2b,10.153,0.13607,22.133,33.027,idt2a,51.614,0.19736,62.829,79.69,idt2b,93.908,0.22102,105.469,123.982,idt2a,140.614,0.24355,148.533,162.311,19,qos_aware,idt2a,0.98,14.0,0.998,0.9605,0
44,1278,idt2b,10.153,0.13607,22.133,33.027,idt2a,51.614,0.19736,62.829,79.69,idt2b,93.908,0.22102,105.469,123.982,idt2a,140.614,0.24355,148.533,162.311,20,qos_aware,idt2a,0.98,14.0,0.998,0.9605,0
44,1278,idt2b,10.153,0.13607,22.133,33.027,idt2a,51.614,0.19736,62.829,79.69,idt2b,93.908,0.22102,105.469,123.982,idt2a,140.614,0.24355,148.533,162.311,21,qos_aware,idt2a,0.98,14.0,0.998,0.9605,0
44,1278,idt2b,10.153,0.13607,22.133,33.027,idt2a,51.614,0.19736,62.829,79.69,idt2b,93.908,0.22102,105.469,123.982,idt2a,140.614,0.24355,148.533,162.311,22,qos_aware,idt2a,0.98,14.0,0.998,0.9605,0
44,1278,idt2b,10.153,0.13607,22.133,33.027,idt2a,51.614,0.19736,62.829,79.69,idt2b,93.908,0.22102,105.469,123.982,idt2a,140.614,0.24355,148.533,162.311,23,qos_aware,idt2a,0.98,14.0,0.998,0.9605,0
44,1278,idt2b,10.153,0.13607,22.133,33.027,idt2a,51.614,0.19736,62.829,79.69,idt2b,93.908,0.22102,105.469,123.982,idt2a,140.614,0.24355,148.533,162.311,24,qos_aware,idt2a,0.98,14.0,0.998,0.9605,0
44,1278,idt2b,10.153,0.13607,22.133,33.027,idt2a,51.614,0.19736,62.829,79.69,idt2b,93.908,0.22102,105.469,123.982,idt2a,140.614,0.24355,148.533,162.311,25,qos_aware,idt2a,0.98,14.0,0.998,0.9605,0
44,1278,idt2b,10.153,0.13607,22.133,33.027,idt2a,51.614,0.19736,62.829,79.69,idt2b,93.908,0.22102,105.469,123.982,idt2a,140.614,0.24355,148.533,162.311,26,qos_aware,idt2a,0.98,14.0,0.998,0.9605,0
44,1278,idt2b,10.153,0.13607,22.133,33.027,idt2a,51.614,0.19736,62.829,79.69,idt2b,93.908,0.22102,105.469,123.982,idt2a,140.614,0.24355,148.533,162.311,27,qos_aware,idt2a,0.98,14.0,0.998,0.9605,0
44,1278,idt2b,10.153,0.13607,22.133,33.027,idt2a,51.614,0.19736,62.829,79.69,idt2b,93.908,0.22102,105.469,123.982,idt2a,140.614,0.24355,148.533,162.311,28,qos_aware,idt2a,0.98,14.0,0.998,0.9605,0
44,1278,idt2b,10.153,0.13607,22.133,33.027,idt2a,51.614,0.19736,62.829,79.69,idt2b,93.908,0.22102,105.469,123.982,idt2a,140.614,0.24355,148.533,162.311,29,qos_aware,idt2a,0.98,14.0,0.998,0.9605,0
44,1278,idt2b,10.153,0.13607,22.133,33.027,idt2a,51.614,0.19736,62.829,79.69,idt2b,93.908,0.22102,105.469,123.982,idt2a,140.614,0.24355,148.533,162.311,30,qos_aware,idt2a,0.98,14.0,0.998,0.9605,0
44,1278,idt2b,10.153,0.13607,22.133,33.027,idt2a,51.614,0.19736,62.829,79.69,idt2b,93.908,0.22102,105.469,123.982,idt2a,140.614,0.24355,148.533,162.311,31,qos_aware,idt2a,0.98,14.0,0.998,0.9605,0
44,1278,idt2b,10.153,0.13607,22.133,33.027,idt2a,51.614,0.19736,62.829,79.69,idt2b,93.908,0.22102,105.469,123.982,idt2a,140.614,0.24355,148.533,162.311,32,qos_aware,idt2a,0.98,14.0,0.998,0.9605,0
44,1278,idt2b,10.153,0.13607,22.133,33.027,idt2a,51.614,0.19736,62.829,79.69,idt2b,93.908,0.22102,105.469,123.982,idt2a,140.614,0.24355,148.533,162.311,33,qos_aware,idt2a,0.98,14.0,0.998,0.9605,0
44,1278,idt2b,10.153,0.13607,22.133,33.027,idt2a,51.614,0.19736,62.829,79.69,idt2b,93.908,0.22102,105.469,123.982,idt2a,140.614,0.24355,148.533,162.311,34,qos_aware,idt2a,0.98,14.0,0.998,0.9605,0
44,1278,idt2b,10.153,0.13607,22.133,33.027,idt2a,51.614,0.19736,62.829,79.69,idt2b,93.908,0.22102,105.469,123.982,idt2a,140.614,0.24355,148.533,162.311,35,qos_aware,idt2a,0.98,14.0,0.998,0.9605,0
44,1278,idt2b,10.153,0.13607,22.133,33.027,idt2a,51.614,0.19736,62.829,79.69,idt2b,93.908,0.22102,105.469,123.982,idt2a,140.614,0.24355,148.533,162.311,36,qos_aware,idt2a,0.98,14.0,0.998,0.9605,0
44,1278,idt2b,10.153,0.13607,22.133,33.027,idt2a,51.614,0.19736,62.829,79.69,idt2b,93.908,0.22102,105.469,123.982,idt2a,140.614,0.24355,148.533,162.311,37,qos_aware,idt2a,0.98,14.0,0.998,0.9605,0
44,1278,idt2b,10.153,0.13607,22.133,33.027,idt2a,51.614,0.19736,62.829,79.69,idt2b,93.908,0.22102,105.469,123.982,idt2a,140.614,0.24355,148.533,162.311,38,qos_aware,idt2a,0.98,14.0,0.998,0.9605,0
44,1278,idt2b,10.153,0.13607,22.133,33.027,idt2a,51.614,0.19736,62.829,79.69,idt2b,93.908,0.22102,105.469,123.982,idt2a,140.614,0.24355,148.533,162.311,39,qos_aware,idt2a,0.98,14.0,0.998,0.9605,0
44,1278,idt2b,10.153,0.13607,22.133,33.027,idt2a,51.614,0.19736,62.829,79.69,idt2b,93.908,0.22102,105.469,123.982,idt2a,140.614,0.24355,148.533,162.311,40,qos_aware,idt2a,0.98,14.0,0.998,0.9605,0
44,1278,idt2b,10.153,0.13607,22.133,33.027,idt2a,51.614,0.19736,62.829,79.69,idt2b,93.908,0.22102,105.469,123.982,idt2a,140.614,0.24355,148.533,162.311,41,qos_aware,idt2a,0.98,14.0,0.998,0.9605,0
44,1278,idt2b,10.153,0.13607,22.133,33.027,idt2a,51.614,0.19736,62.829,79.69,idt2b,93.908,0.22102,105.469,123.982,idt2a,140.614,0.24355,148.533,162.311,42,qos_aware,idt2a,0.98,14.0,0.998,0.9605,0
44,1278,idt2b,10.153,0.13607,22.133,33.027,idt2a,51.614,0.19736,62.829,79.69,idt2b,93.908,0.22102,105.469,123.982,idt2a,140.614,0.24355,148.533,162.311,43,qos_aware,idt2a,0.98,14.0,0.998,0.9605,0
44,1278,idt2b,10.153,0.13607,22.133,33.027,idt2a,51.614,0.19736,62.829,79.69,idt2b,93.908,0.22102,105.469,123.982,idt2a,140.614,0.24355,148.533,162.311,44,qos_aware,idt2a,0.98,14.0,0.998,0.9605,0
44,1278,idt2b,10.153,0.13607,22.133,33.027,idt2a,51.614,0.19736,62.829,79.69,idt2b,93.908,0.22102,105.469,123.982,idt2a,140.614,0.24355,148.533,162.311,45,qos_aware,idt2a,0.98,14.0,0.998,0.9605,0
44,1278,idt2b,10.153,0.13607,22.133,33.027,idt2a,51.614,0.19736,62.829,79.69,idt2b,93.908,0.22102,105.469,123.982,idt2a,140.614,0.24355,148.533,162.311,46,qos_aware,idt2a,0.98,14.0,0.998,0.9605,0
44,1278,idt2b,10.153,0.13607,22.133,33.027,idt2a,51.614,0.19736,62.829,79.69,idt2b,93.908,0.22102,105.469,123.982,idt2a,140.614,0.24355,148.533,162.311,47,qos_aware,idt2a,0.98,14.0,0.998,0.9605,0
44,1278,idt2b,10.153,0.13607,22.133,33.027,idt2a,51.614,0.19736,62.829,79.69,idt2b,93.908,0.22102,105.469,123.982,idt2a,140.614,0.24355,148.533,162.311,48,qos_aware,idt2a,0.98,14.0,0.998,0.9605,0
44,1278,idt2b,10.153,0.13607,22.133,33.027,idt2a,51.614,0.19736,62.829,79.69,idt2b,93.908,0.22102,105.469,123.982,idt2a,140.614,0.24355,148.533,162.311,49,qos_aware,idt2a,0.98,14.0,0.998,0.9605,0
44,1278,idt2b,10.153,0.13607,22.133,33.027,idt2a,51.614,0.19736,62.829,79.69,idt2b,93.908,0.22102,105.469,123.982,idt2a,140.614,0.24355,148.533,162.311,50,qos_aware,idt2a,0.98,14.0,0.998,0.9605,0
44,1278,idt2b,10.153,0.13607,22.133,33.027,idt2a,51.614,0.19736,62.829,79.69,idt2b,93.908,0.22102,105.469,123.982,idt2a,140.614,0.24355,148.533,162.311,51,qos_aware,idt2a,0.98,14.0,0.998,0.9605,0
44,1278,idt2b,10.153,0.13607,22.133,33.027,idt2a,51.614,0.19736,62.829,79.69,idt2b,93.908,0.22102,105.469,123.982,idt2a,140.614,0.24355,148.533,162.311,52,qos_aware,idt2a,0.903721,16.1358,0.936977,0.899019,0
44,1278,idt2b,10.153,0.13607,22.133,33.027,idt2a,51.614,0.19736,62.829,79.69,idt2b,93.908,0.22102,105.469,123.982,idt2a,140.614,0.24355,148.533,162.311,53,qos_aware,idt2a,0.706359,21.662,0.779087,0.739945,0
44,1278,idt2b,10.153,0.13607,22.133,33.027,idt2a,51.614,0.19736,62.829,79.69,idt2b,93.908,0.22102,105.469,123.982,idt2a,140.614,0.24355,148.533,162.311,54,qos_aware,idt2b,0.55,4.0,0.72,0.6745,1
44,1278,idt2b,10.153,0.13607,22.133,33.027,idt2a,51.614,0.19736,62.829,79.69,idt2b,93.908,0.22102,105.469,123.982,idt2a,140.614,0.24355,148.533,162.311,55,qos_aware,idt2b,0.55,4.0,0.72,0.6745,0
44,1278,idt2b,10.153,0.13607,22.133,33.027,idt2a,51.614,0.19736,62.829,79.69,idt2b,93.908,0.22102,105.469,123.982,idt2a,140.614,0.24355,148.533,162.311,56,qos_aware,idt2b,0.55,4.0,0.72,0.6745,0
44,1278,idt2b,10.153,0.13607,22.133,33.027,idt2a,51.614,0.19736,62.829,79.69,idt2b,93.908,0.22102,105.469,123.982,idt2a,140.614,0.24355,148.533,162.311,57,qos_aware,idt2b,0.55,4.0,0.72,0.6745,0
44,1278,idt2b,10.153,0.13607,22.133,33.027,idt2a,51.614,0.19736,62.829,79.69,idt2b,93.908,0.22102,105.469,123.982,idt2a,140.614,0.24355,148.533,162.311,58,qos_aware,idt2b,0.55,4.0,0.72,0.6745,0
44,1278,idt2b,10.153,0.13607,22.133,33.027,idt2a,51.614,0.19736,62.829,79.69,idt2b,93.908,0.22102,105.469,123.982,idt2a,140.614,0.24355,148.533,162.311,59,qos_aware,idt2b,0.55,4.0,0.72,0.6745,0
44,1278,idt2b,10.153,0.13607,22.133,33.027,idt2a,51.614,0.19736,62.829,79.69,idt2b,93.908,0.22102,105.469,123.982,idt2a,140.614,0.24355,148.533,162.311,60,qos_aware,idt2b,0.55,4.0,0.72,0.6745,0
44,1278,idt2b,10.153,0.13607,22.133,33.027,idt2a,51.614,0.19736,62.829,79.69,idt2b,93.908,0.22102,105.469,123.982,idt2a,140.614,0.24355,148.533,162.311,61,qos_aware,idt2b,0.55,4.0,0.72,0.6745,0
44,1278,idt2b,10.153,0.13607,22.133,33.027,idt2a,51.614,0.19736,62.829,79.69,idt2b,93.908,0.22102,105.469,123.982,idt2a,140.614,0.24355,148.533,162.311,62,qos_aware,idt2b,0.55,4.0,0.72,0.6745,0
44,1278,idt2b,10.153,0.13607,22.133,33.027,idt2a,51.614,0.19736,62.829,79.69,idt2b,93.908,0.22102,105.469,123.982,idt2a,140.614,0.24355,148.533,162.311,63,qos_aware,idt2b,0.55,4.0,0.72,0.6745,0
44,1278,idt2b,10.153,0.13607,22.133,33.027,idt2a,51.614,0.19736,62.829,79.69,idt2b,93.908,0.22102,105.469,123.982,idt2a,140.614,0.24355,148.533,162.311,64,qos_aware,idt2b,0.55,4.0,0.72,0.6745,0
44,1278,idt2b,10.153,0.13607,22.133,33.027,idt2a,51.614,0.19736,62.829,79.69,idt2b,93.908,0.22102,105.469,123.982,idt2a,140.614,0.24355,148.533,162.311,65,qos_aware,idt2b,0.55,4.0,0.72,0.6745,0
44,1278,idt2b,10.153,0.13607,22.133,33.027,idt2a,51.614,0.19736,62.829,79.69,idt2b,93.908,0.22102,105.469,123.982,idt2a,140.614,0.24355,148.533,162.311,66,qos_aware,idt2b,0.55,4.0,0.72,0.6745,0
44,1278,idt2b,10.153,0.13607,22.133,33.027,idt2a,51.614,0.19736,62.829,79.69,idt2b,93.908,0.22102,105.469,123.982,idt2a,140.614,0.24355,148.533,162.311,67,qos_aware,idt2b,0.55,4.0,0.72,0.6745,0
44,1278,idt2b,10.153,0.13607,22.133,33.027,idt2a,51.614,0.19736,62.829,79.69,idt2b,93.908,0.22102,105.469,123.982,idt2a,140.614,0.24355,148.533,162.311,68,qos_aware,idt2b,0.55,4.0,0.72,0.6745,0
44,1278,idt2b,10.153,0.13607,22.133,33.027,idt2a,51.614,0.19736,62.829,79.69,idt2b,93.908,0.22102,105.469,123.982,idt2a,140.614,0.24355,148.533,162.311,69,qos_aware,idt2b,0.55,4.0,0.72,0.6745,0
44,1278,idt2b,10.153,0.13607,22.133,33.027,idt2a,51.614,0.19736,62.829,79.69,idt2b,93.908,0.22102,105.469,123.982,idt2a,140.614,0.24355,148.533,162.311,70,qos_aware,idt2b,0.55,4.0,0.72,0.6745,0
44,1278,idt2b,10.153,0.13607,22.133,33.027,idt2a,51.614,0.19736,62.829,79.69,idt2b,93.908,0.22102,105.469,123.982,idt2a,140.614,0.24355,148.533,162.311,71,qos_aware,idt2b,0.55,4.0,0.72,0.6745,0
44,1278,idt2b,10.153,0.13607,22.133,33.027,idt2a,51.614,0.19736,62.829,79.69,idt2b,93.908,0.22102,105.469,123.982,idt2a,140.614,0.24355,148.533,162.311,72,qos_aware,idt2b,0.55,4.0,0.72,0.6745,0
44,1278,idt2b,10.153,0.13607,22.133,33.027,idt2a,51.614,0.19736,62.829,79.69,idt2b,93.908,0.22102,105.469,123.982,idt2a,140.614,0.24355,148.533,162.311,73,qos_aware,idt2b,0.55,4.0,0.72,0.6745,0
44,1278,idt2b,10.153,0.13607,22.133,33.027,idt2a,51.614,0.19736,62.829,79.69,idt2b,93.908,0.22102,105.469,123.982,idt2a,140.614,0.24355,148.533,162.311,74,qos_aware,idt2b,0.55,4.0,0.72,0.6745,0
44,1278,idt2b,10.153,0.13607,22.133,33.027,idt2a,51.614,0.19736,62.829,79.69,idt2b,93.908,0.22102,105.469,123.982,idt2a,140.614,0.24355,148.533,162.311,75,qos_aware,idt2b,0.55,4.0,0.72,0.6745,0
44,1278,idt2b,10.153,0.13607,22.133,33.027,idt2a,51.614,0.19736,62.829,79.69,idt2b,93.908,0.22102,105.469,123.982,idt2a,140.614,0.24355,148.533,162.311,76,qos_aware,idt2b,0.55,4.0,0.72,0.6745,0
44,1278,idt2b,10.153,0.13607,22.133,33.027,idt2a,51.614,0.19736,62.829,79.69,idt2b,93.908,0.22102,105.469,123.982,idt2a,140.614,0.24355,148.533,162.311,77,qos_aware,idt2b,0.55,4.0,0.72,0.6745,0
44,1278,idt2b,10.153,0.13607,22.133,33.027,idt2a,51.614,0.19736,62.829,79.69,idt2b,93.908,0.22102,105.469,123.982,idt2a,140.614,0.24355,148.533,162.311,78,qos_aware,idt2b,0.55,4.0,0.72,0.6745,0
44,1278,idt2b,10.153,0.13607,22.133,33.027,idt2a,51.614,0.19736,62.829,79.69,idt2b,93.908,0.22102,105.469,123.982,idt2a,140.614,0.24355,148.533,162.311,79,qos_aware,idt2b,0.55,4.0,0.72,0.6745,0
44,1278,idt2b,10.153,0.13607,22.133,33.027,idt2a,51.614,0.19736,62.829,79.69,idt2b,93.908,0.22102,105.469,123.982,idt2a,140.614,0.24355,148.533,162.311,80,qos_aware,idt2b,0.55,4.0,0.72,0.6745,0
44,1278,idt2b,10.153,0.13607,22.133,33.027,idt2a,51.614,0.19736,62.829,79.69,idt2b,93.908,0.22102,105.469,123.982,idt2a,140.614,0.24355,148.533,162.311,81,qos_aware,idt2b,0.55,4.0,0.72,0.6745,0
44,1278,idt2b,10.153,0.13607,22.133,33.027,idt2a,51.614,0.19736,62.829,79.69,idt2b,93.908,0.22102,105.469,123.982,idt2a,140.614,0.24355,148.533,162.311,82,qos_aware,idt2b,0.55,4.0,0.72,0.6745,0
44,1278,idt2b,10.153,0.13607,22.133,33.027,idt2a,51.614,0.19736,62.829,79.69,idt2b,93.908,0.22102,105.469,123.982,idt2a,140.614,0.24355,148.533,162.311,83,qos_aware,idt2b,0.55,4.0,0.72,0.6745,0
44,1278,idt2b,10.153,0.13607,22.133,33.027,idt2a,51.614,0.19736,62.829,79.69,idt2b,93.908,0.22102,105.469,123.982,idt2a,140.614,0.24355,148.533,162.311,84,qos_aware,idt2b,0.55,4.0,0.72,0.6745,0
44,1278,idt2b,10.153,0.13607,22.133,33.027,idt2a,51.614,0.19736,62.829,79.69,idt2b,93.908,0.22102,105.469,123.982,idt2a,140.614,0.24355,148.533,162.311,85,qos_aware,idt2b,0.55,4.0,0.72,0.6745,0
44,1278,idt2b,10.153,0.13607,22.133,33.027,idt2a,51.614,0.19736,62.829,79.69,idt2b,93.908,0.22102,105.469,123.982,idt2a,140.614,0.24355,148.533,162.311,86,qos_aware,idt2a,0.772956,22.8733,0.787153,0.776167,1
44,1278,idt2b,10.153,0.13607,22.133,33.027,idt2a,51.614,0.19736,62.829,79.69,idt2b,93.908,0.22102,105.469,123.982,idt2a,140.614,0.24355,148.533,162.311,87,qos_aware,idt2a,0.895456,17.6233,0.911903,0.88523,0
44,1278,idt2b,10.153,0.13607,22.133,33.027,idt2a,51.614,0.19736,62.829,79.69,idt2b,93.908,0.22102,105.469,123.982,idt2a,140.614,0.24355,148.533,162.311,88,qos_aware,idt2a,0.98,14.0,0.998,0.9605,0
44,1278,idt2b,10.153,0.13607,22.133,33.027,idt2a,51.614,0.19736,62.829,79.69,idt2b,93.908,0.22102,105.469,123.982,idt2a,140.614,0.24355,148.533,162.311,89,qos_aware,idt2a,0.98,14.0,0.998,0.9605,0
44,1278,idt2b,10.153,0.13607,22.133,33.027,idt2a,51.614,0.19736,62.829,79.69,idt2b,93.908,0.22102,105.469,123.982,idt2a,140.614,0.24355,148.533,162.311,90,qos_aware,idt2a,0.98,14.0,0.998,0.9605,0
44,1278,idt2b,10.153,0.13607,22.133,33.027,idt2a,51.614,0.19736,62.829,79.69,idt2b,93.908,0.22102,105.469,123.982,idt2a,140.614,0.24355,148.533,162.311,91,qos_aware,idt2a,0.98,14.0,0.998,0.9605,0
44,1278,idt2b,10.153,0.13607,22.133,33.027,idt2a,51.614,0.19736,62.829,79.69,idt2b,93.908,0.22102,105.469,123.982,idt2a,140.614,0.24355,148.533,162.311,92,qos_aware,idt2a,0.98,14.0,0.998,0.9605,0
44,1278,idt2b,10.153,0.13607,22.133,33.027,idt2a,51.614,0.19736,62.829,79.69,idt2b,93.908,0.22102,105.469,123.982,idt2a,140.614,0.24355,148.533,162.311,93,qos_aware,idt2a,0.98,14.0,0.998,0.9605,0
44,1278,idt2b,10.153,0.13607,22.133,33.027,idt2a,51.614,0.19736,62.829,79.69,idt2b,93.908,0.22102,105.469,123.982,idt2a,140.614,0.24355,148.533,162.311,94,qos_aware,idt2a,0.98,14.0,0.998,0.9605,0
44,1278,idt2b,10.153,0.13607,22.133,33.027,idt2a,51.614,0.19736,62.829,79.69,idt2b,93.908,0.22102,105.469,123.982,idt2a,140.614,0.24355,148.533,162.311,95,qos_aware,idt2a,0.98,14.0,0.998,0.9605,0
44,1278,idt2b,10.153,0.13607,22.133,33.027,idt2a,51.614,0.19736,62.829,79.69,idt2b,93.908,0.22102,105.469,123.982,idt2a,140.614,0.24355,148.533,162.311,96,qos_aware,idt2a,0.98,14.0,0.998,0.9605,0
44,1278,idt2b,10.153,0.13607,22.133,33.027,idt2a,51.614,0.19736,62.829,79.69,idt2b,93.908,0.22102,105.469,123.982,idt2a,140.614,0.24355,148.533,162.311,97,qos_aware,idt2a,0.98,14.0,0.998,0.9605,0
44,1278,idt2b,10.153,0.13607,22.133,33.027,idt2a,51.614,0.19736,62.829,79.69,idt2b,93.908,0.22102,105.469,123.982,idt2a,140.614,0.24355,148.533,162.311,98,qos_aware,idt2a,0.98,14.0,0.998,0.9605,0
44,1278,idt2b,10.153,0.13607,22.133,33.027,idt2a,51.614,0.19736,62.829,79.69,idt2b,93.908,0.22102,105.469,123.982,idt2a,140.614,0.24355,148.533,162.311,99,qos_aware,idt2a,0.98,14.0,0.998,0.9605,0
44,1278,idt2b,10.153,0.13607,22.133,33.027,idt2a,51.614,0.19736,62.829,79.69,idt2b,93.908,0.22102,105.469,123.982,idt2a,140.614,0.24355,148.533,162.311,100,qos_aware,idt2a,0.98,14.0,0.998,0.9605,0
44,1278,idt2b,10.153,0.13607,22.133,33.027,idt2a,51.614,0.19736,62.829,79.69,idt2b,93.908,0.22102,105.469,123.982,idt2a,140.614,0.24355,148.533,162.311,101,qos_aware,idt2a,0.98,14.0,0.998,0.9605,0
44,1278,idt2b,10.153,0.13607,22.133,33.027,idt2a,51.614,0.19736,62.829,79.69,idt2b,93.908,0.22102,105.469,123.982,idt2a,140.614,0.24355,148.533,162.311,102,qos_aware,idt2a,0.98,14.0,0.998,0.9605,0
44,1278,idt2b,10.153,0.13607,22.133,33.027,idt2a,51.614,0.19736,62.829,79.69,idt2b,93.908,0.22102,105.469,123.982,idt2a,140.614,0.24355,148.533,162.311,103,qos_aware,idt2a,0.98,14.0,0.998,0.9605,0
44,1278,idt2b,10.153,0.13607,22.133,33.027,idt2a,51.614,0.19736,62.829,79.69,idt2b,93.908,0.22102,105.469,123.982,idt2a,140.614,0.24355,148.533,162.311,104,qos_aware,idt2a,0.98,14.0,0.998,0.9605,0
44,1278,idt2b,10.153,0.13607,22.133,33.027,idt2a,51.614,0.19736,62.829,79.69,idt2b,93.908,0.22102,105.469,123.982,idt2a,140.614,0.24355,148.533,162.311,105,qos_aware,idt2a,0.98,14.0,0.998,0.9605,0
44,1278,idt2b,10.153,0.13607,22.133,33.027,idt2a,51.614,0.19736,62.829,79.69,idt2b,93.908,0.22102,105.469,123.982,idt2a,140.614,0.24355,148.533,162.311,106,qos_aware,idt2a,0.98,14.0,0.998,0.9605,0
44,1278,idt2b,10.153,0.13607,22.133,33.027,idt2a,51.614,0.19736,62.829,79.69,idt2b,93.908,0.22102,105.469,123.982,idt2a,140.614,0.24355,148.533,162.311,107,qos_aware,idt2a,0.98,14.0,0.998,0.9605,0
44,1278,idt2b,10.153,0.13607,22.133,33.027,idt2a,51.614,0.19736,62.829,79.69,idt2b,93.908,0.22102,105.469,123.982,idt2a,140.614,0.24355,148.533,162.311,108,qos_aware,idt2a,0.98,14.0,0.998,0.9605,0
44,1278,idt2b,10.153,0.13607,22.133,33.027,idt2a,51.614,0.19736,62.829,79.69,idt2b,93.908,0.22102,105.469,123.982,idt2a,140.614,0.24355,148.533,162.311,109,qos_aware,idt2a,0.98,14.0,0.998,0.9605,0
44,1278,idt2b,10.153,0.13607,22.133,33.027,idt2a,51.614,0.19736,62.829,79.69,idt2b,93.908,0.22102,105.469,123.982,idt2a,140.614,0.24355,148.533,162.311,110,qos_aware,idt2a,0.98,14.0,0.998,0.9605,0
44,1278,idt2b,10.153,0.13607,22.133,33.027,idt2a,51.614,0.19736,62.829,79.69,idt2b,93.908,0.22102,105.469,123.982,idt2a,140.614,0.24355,148.533,162.311,111,qos_aware,idt2a,0.98,14.0,0.998,0.9605,0
44,1278,idt2b,10.153,0.13607,22.133,33.027,idt2a,51.614,0.19736,62.829,79.69,idt2b,93.908,0.22102,105.469,123.982,idt2a,140.614,0.24355,148.533,162.311,112,qos_aware,idt2a,0.98,14.0,0.998,0.9605,0
44,1278,idt2b,10.153,0.13607,22.133,33.027,idt2a,51.614,0.19736,62.829,79.69,idt2b,93.908,0.22102,105.469,123.982,idt2a,140.614,0.24355,148.533,162.311,113,qos_aware,idt2a,0.98,14.0,0.998,0.9605,0
44,1278,idt2b,10.153,0.13607,22.133,33.027,idt2a,51.614,0.19736,62.829,79.69,idt2b,93.908,0.22102,105.469,123.982,idt2a,140.614,0.24355,148.533,162.311,114,qos_aware,idt2a,0.98,14.0,0.998,0.9605,0
44,1278,idt2b,10.153,0.13607,22.133,33.027,idt2a,51.614,0.19736,62.829,79.69,idt2b,93.908,0.22102,105.469,123.982,idt2a,140.614,0.24355,148.533,162.311,115,qos_aware,idt2a,0.98,14.0,0.998,0.9605,0
44,1278,idt2b,10.153,0.13607,22.133,33.027,idt2a,51.614,0.19736,62.829,79.69,idt2b,93.908,0.22102,105.469,123.982,idt2a,140.614,0.24355,148.533,162.311,116,qos_aware,idt2a,0.98,14.0,0.998,0.9605,0
44,1278,idt2b,10.153,0.13607,22.133,33.027,idt2a,51.614,0.19736,62.829,79.69,idt2b,93.908,0.22102,105.469,123.982,idt2a,140.614,0.24355,148.533,162.311,117,qos_aware,idt2a,0.98,14.0,0.998,0.9605,0
44,1278,idt2b,10.153,0.13607,22.133,33.027,idt2a,51.614,0.19736,62.829,79.69,idt2b,93.908,0.22102,105.469,123.982,idt2a,140.614,0.24355,148.533,162.311,118,qos_aware,idt2a,0.98,14.0,0.998,0.9605,0
44,1278,idt2b,10.153,0.13607,22.133,33.027,idt2a,51.614,0.19736,62.829,79.69,idt2b,93.908,0.22102,105.469,123.982,idt2a,140.614,0.24355,148.533,162.311,119,qos_aware,idt2a,0.98,14.0,0.998,0.9605,0
44,1278,idt2b,10.153,0.13607,22.133,33.027,idt2a,51.614,0.19736,62.829,79.69,idt2b,93.908,0.22102,105.469,123.982,idt2a,140.614,0.24355,148.533,162.311,120,qos_aware,idt2a,0.98,14.0,0.998,0.9605,0
44,1278,idt2b,10.153,0.13607,22.133,33.027,idt2a,51.614,0.19736,62.829,79.69,idt2b,93.908,0.22102,105.469,123.982,idt2a,140.614,0.24355,148.533,162.311,121,qos_aware,idt2a,0.98,14.0,0.998,0.9605,0
44,1278,idt2b,10.153,0.13607,22.133,33.027,idt2a,51.614,0.19736,62.829,79.69,idt2b,93.908,0.22102,105.469,123.982,idt2a,140.614,0.24355,148.533,162.311,122,qos_aware,idt2a,0.98,14.0,0.998,0.9605,0
44,1278,idt2b,10.153,0.13607,22.133,33.027,idt2a,51.614,0.19736,62.829,79.69,idt2b,93.908,0.22102,105.469,123.982,idt2a,140.614,0.24355,148.533,162.311,123,qos_aware,idt2a,0.98,14.0,0.998,0.9605,0
44,1278,idt2b,10.153,0.13607,22.133,33.027,idt2a,51.614,0.19736,62.829,79.69,idt2b,93.908,0.22102,105.469,123.982,idt2a,140.614,0.24355,148.533,162.311,124,qos_aware,idt2a,0.98,14.0,0.998,0.9605,0
44,1278,idt2b,10.153,0.13607,22.133,33.027,idt2a,51.614,0.19736,62.829,79.69,idt2b,93.908,0.22102,105.469,123.982,idt2a,140.614,0.24355,148.533,162.311,125,qos_aware,idt2a,0.98,14.0,0.998,0.9605,0
44,1278,idt2b,10.153,0.13607,22.133,33.027,idt2a,51.614,0.19736,62.829,79.69,idt2b,93.908,0.22102,105.469,123.982,idt2a,140.614,0.24355,148.533,162.311,126,qos_aware,idt2a,0.98,14.0,0.998,0.9605,0
44,1278,idt2b,10.153,0.13607,22.133,33.027,idt2a,51.614,0.19736,62.829,79.69,idt2b,93.908,0.22102,105.469,123.982,idt2a,140.614,0.24355,148.533,162.311,127,qos_aware,idt2a,0.98,14.0,0.998,0.9605,0
44,1278,idt2b,10.153,0.13607,22.133,33.027,idt2a,51.614,0.19736,62.829,79.69,idt2b,93.908,0.22102,105.469,123.982,idt2a,140.614,0.24355,148.533,162.311,128,qos_aware,idt2a,0.98,14.0,0.998,0.9605,0
44,1278,idt2b,10.153,0.13607,22.133,33.027,idt2a,51.614,0.19736,62.829,79.69,idt2b,93.908,0.22102,105.469,123.982,idt2a,140.614,0.24355,148.533,162.311,129,qos_aware,idt2a,0.98,14.0,0.998,0.9605,0
44,1278,idt2b,10.153,0.13607,22.133,33.027,idt2a,51.614,0.19736,62.829,79.69,idt2b,93.908,0.22102,105.469,123.982,idt2a,140.614,0.24355,148.533,162.311,130,qos_aware,idt2a,0.98,14.0,0.998,0.9605,0
44,1278,idt2b,10.153,0.13607,22.133,33.027,idt2a,51.614,0.19736,62.829,79.69,idt2b,93.908,0.22102,105.469,123.982,idt2a,140.614,0.24355,148.533,162.311,131,qos_aware,idt2a,0.98,14.0,0.998,0.9605,0
44,1278,idt2b,10.153,0.13607,22.133,33.027,idt2a,51.614,0.19736,62.829,79.69,idt2b,93.908,0.22102,105.469,123.982,idt2a,140.614,0.24355,148.533,162.311,132,qos_aware,idt2a,0.98,14.0,0.998,0.9605,0
44,1278,idt2b,10.153,0.13607,22.133,33.027,idt2a,51.614,0.19736,62.829,79.69,idt2b,93.908,0.22102,105.469,123.982,idt2a,140.614,0.24355,148.533,162.311,133,qos_aware,idt2a,0.98,14.0,0.998,0.9605,0
44,1278,idt2b,10.153,0.13607,22.133,33.027,idt2a,51.614,0.19736,62.829,79.69,idt2b,93.908,0.22102,105.469,123.982,idt2a,140.614,0.24355,148.533,162.311,134,qos_aware,idt2a,0.98,14.0,0.998,0.9605,0
44,1278,idt2b,10.153,0.13607,22.133,33.027,idt2a,51.614,0.19736,62.829,79.69,idt2b,93.908,0.22102,105.469,123.982,idt2a,140.614,0.24355,148.533,162.311,135,qos_aware,idt2a,0.98,14.0,0.998,0.9605,0
44,1278,idt2b,10.153,0.13607,22.133,33.027,idt2a,51.614,0.19736,62.829,79.69,idt2b,93.908,0.22102,105.469,123.982,idt2a,140.614,0.24355,148.533,162.311,136,qos_aware,idt2a,0.98,14.0,0.998,0.9605,0
44,1278,idt2b,10.153,0.13607,22.133,33.027,idt2a,51.614,0.19736,62.829,79.69,idt2b,93.908,0.22102,105.469,123.982,idt2a,140.614,0.24355,148.533,162.311,137,qos_aware,idt2a,0.98,14.0,0.998,0.9605,0
44,1278,idt2b,10.153,0.13607,22.133,33.027,idt2a,51.614,0.19736,62.829,79.69,idt2b,93.908,0.22102,105.469,123.982,idt2a,140.614,0.24355,148.533,162.311,138,qos_aware,idt2a,0.98,14.0,0.998,0.9605,0
44,1278,idt2b,10.153,0.13607,22.133,33.027,idt2a,51.614,0.19736,62.829,79.69,idt2b,93.908,0.22102,105.469,123.982,idt2a,140.614,0.24355,148.533,162.311,139,qos_aware,idt2a,0.98,14.0,0.998,0.9605,0
44,1278,idt2b,10.153,0.13607,22.133,33.027,idt2a,51.614,0.19736,62.829,79.69,idt2b,93.908,0.22102,105.469,123.982,idt2a,140.614,0.24355,148.533,162.311,140,qos_aware,idt2a,0.98,14.0,0.998,0.9605,0
44,1278,idt2b,10.153,0.13607,22.133,33.027,idt2a,51.614,0.19736,62.829,79.69,idt2b,93.908,0.22102,105.469,123.982,idt2a,140.614,0.24355,148.533,162.311,141,qos_aware,idt2a,0.885974,16.6327,0.92278,0.884715,0
44,1278,idt2b,10.153,0.13607,22.133,33.027,idt2a,51.614,0.19736,62.829,79.69,idt2b,93.908,0.22102,105.469,123.982,idt2a,140.614,0.24355,148.533,162.311,142,qos_aware,idt2a,0.642421,23.4522,0.727937,0.688412,0
44,1278,idt2b,10.153,0.13607,22.133,33.027,idt2a,51.614,0.19736,62.829,79.69,idt2b,93.908,0.22102,105.469,123.982,idt2a,140.614,0.24355,148.533,162.311,143,qos_aware,idt2b,0.55,4.0,0.72,0.6745,1
44,1278,idt2b,10.153,0.13607,22.133,33.027,idt2a,51.614,0.19736,62.829,79.69,idt2b,93.908,0.22102,105.469,123.982,idt2a,140.614,0.24355,148.533,162.311,144,qos_aware,idt2b,0.55,4.0,0.72,0.6745,0
44,1278,idt2b,10.153,0.13607,22.133,33.027,idt2a,51.614,0.19736,62.829,79.69,idt2b,93.908,0.22102,105.469,123.982,idt2a,140.614,0.24355,148.533,162.311,145,qos_aware,idt2b,0.55,4.0,0.72,0.6745,0
44,1278,idt2b,10.153,0.13607,22.133,33.027,idt2a,51.614,0.19736,62.829,79.69,idt2b,93.908,0.22102,105.469,123.982,idt2a,140.614,0.24355,148.533,162.311,146,qos_aware,idt2b,0.55,4.0,0.72,0.6745,0
44,1278,idt2b,10.153,0.13607,22.133,33.027,idt2a,51.614,0.19736,62.829,79.69,idt2b,93.908,0.22102,105.469,123.982,idt2a,140.614,0.24355,148.533,162.311,147,qos_aware,idt2b,0.55,4.0,0.72,0.6745,0
44,1278,idt2b,10.153,0.13607,22.133,33.027,idt2a,51.614,0.19736,62.829,79.69,idt2b,93.908,0.22102,105.469,123.982,idt2a,140.614,0.24355,148.533,162.311,148,qos_aware,idt2b,0.55,4.0,0.72,0.6745,0
44,1278,idt2b,10.153,0.13607,22.133,33.027,idt2a,51.614,0.19736,62.829,79.69,idt2b,93.908,0.22102,105.469,123.982,idt2a,140.614,0.24355,148.533,162.311,149,qos_aware,idt2b,0.55,4.0,0.72,0.6745,0
44,1278,idt2b,10.153,0.13607,22.133,33.027,idt2a,51.614,0.19736,62.829,79.69,idt2b,93.908,0.22102,105.469,123.982,idt2a,140.614,0.24355,148.533,162.311,150,qos_aware,idt2b,0.55,4.0,0.72,0.6745,0
44,1278,idt2b,10.153,0.13607,22.133,33.027,idt2a,51.614,0.19736,62.829,79.69,idt2b,93.908,0.22102,105.469,123.982,idt2a,140.614,0.24355,148.533,162.311,151,qos_aware,idt2b,0.55,4.0,0.72,0.6745,0
44,1278,idt2b,10.153,0.13607,22.133,33.027,idt2a,51.614,0.19736,62.829,79.69,idt2b,93.908,0.22102,105.469,123.982,idt2a,140.614,0.24355,148.533,162.311,152,qos_aware,idt2b,0.55,4.0,0.72,0.6745,0
44,1278,idt2b,10.153,0.13607,22.133,33.027,idt2a,51.614,0.19736,62.829,79.69,idt2b,93.908,0.22102,105.469,123.982,idt2a,140.614,0.24355,148.533,162.311,153,qos_aware,idt2b,0.55,4.0,0.72,0.6745,0
44,1278,idt2b,10.153,0.13607,22.133,33.027,idt2a,51.614,0.19736,62.829,79.69,idt2b,93.908,0.22102,105.469,123.982,idt2a,140.614,0.24355,148.533,162.311,154,qos_aware,idt2b,0.55,4.0,0.72,0.6745,0
44,1278,idt2b,10.153,0.13607,22.133,33.027,idt2a,51.614,0.19736,62.829,79.69,idt2b,93.908,0.22102,105.469,123.982,idt2a,140.614,0.24355,148.533,162.311,155,qos_aware,idt2b,0.55,4.0,0.72,0.6745,0
44,1278,idt2b,10.153,0.13607,22.133,33.027,idt2a,51.614,0.19736,62.829,79.69,idt2b,93.908,0.22102,105.469,123.982,idt2a,140.614,0.24355,148.533,162.311,156,qos_aware,idt2b,0.55,4.0,0.72,0.6745,0
44,1278,idt2b,10.153,0.13607,22.133,33.027,idt2a,51.614,0.19736,62.829,79.69,idt2b,93.908,0.22102,105.469,123.982,idt2a,140.614,0.24355,148.533,162.311,157,qos_aware,idt2b,0.55,4.0,0.72,0.6745,0
44,1278,idt2b,10.153,0.13607,22.133,33.027,idt2a,51.614,0.19736,62.829,79.69,idt2b,93.908,0.22102,105.469,123.982,idt2a,140.614,0.24355,148.533,162.311,158,qos_aware,idt2b,0.55,4.0,0.72,0.6745,0
44,1278,idt2b,10.153,0.13607,22.133,33.027,idt2a,51.614,0.19736,62.829,79.69,idt2b,93.908,0.22102,105.469,123.982,idt2a,140.614,0.24355,148.533,162.311,159,qos_aware,idt2b,0.55,4.0,0.72,0.6745,0
44,1278,idt2b,10.153,0.13607,22.133,33.027,idt2a,51.614,0.19736,62.829,79.69,idt2b,93.908,0.22102,105.469,123.982,idt2a,140.614,0.24355,148.533,162.311,160,qos_aware,idt2b,0.55,4.0,0.72,0.6745,0
44,1278,idt2b,10.153,0.13607,22.133,33.027,idt2a,51.614,0.19736,62.829,79.69,idt2b,93.908,0.22102,105.469,123.982,idt2a,140.614,0.24355,148.533,162.311,161,qos_aware,idt2b,0.55,4.0,0.72,0.6745,0
44,1278,idt2b,10.153,0.13607,22.133,33.027,idt2a,51.614,0.19736,62.829,79.69,idt2b,93.908,0.22102,105.469,123.982,idt2a,140.614,0.24355,148.533,162.311,162,qos_aware,idt2b,0.55,4.0,0.72,0.6745,0
44,1278,idt2b,10.153,0.13607,22.133,33.027,idt2a,51.614,0.19736,62.829,79.69,idt2b,93.908,0.22102,105.469,123.982,idt2a,140.614,0.24355,148.533,162.311,163,qos_aware,idt2b,0.55,4.0,0.72,0.6745,0
44,1278,idt2b,10.153,0.13607,22.133,33.027,idt2a,51.614,0.19736,62.829,79.69,idt2b,93.908,0.22102,105.469,123.982,idt2a,140.614,0.24355,148.533,162.311,164,qos_aware,idt2b,0.55,4.0,0.72,0.6745,0
44,1278,idt2b,10.153,0.13607,22.133,33.027,idt2a,51.614,0.19736,62.829,79.69,idt2b,93.908,0.22102,105.469,123.982,idt2a,140.614,0.24355,148.533,162.311,165,qos_aware,idt2b,0.55,4.0,0.72,0.6745,0
44,1278,idt2b,10.153,0.13607,22.133,33.027,idt2a,51.614,0.19736,62.829,79.69,idt2b,93.908,0.22102,105.469,123.982,idt2a,140.614,0.24355,148.533,162.311,166,qos_aware,idt2b,0.55,4.0,0.72,0.6745,0
44,1278,idt2b,10.153,0.13607,22.133,33.027,idt2a,51.614,0.19736,62.829,79.69,idt2b,93.908,0.22102,105.469,123.982,idt2a,140.614,0.24355,148.533,162.311,167,qos_aware,idt2b,0.55,4.0,0.72,0.6745,0
44,1278,idt2b,10.153,0.13607,22.133,33.027,idt2a,51.614,0.19736,62.829,79.69,idt2b,93.908,0.22102,105.469,123.982,idt2a,140.614,0.24355,148.533,162.311,168,qos_aware,idt2b,0.55,4.0,0.72,0.6745,0
44,1278,idt2b,10.153,0.13607,22.133,33.027,idt2a,51.614,0.19736,62.829,79.69,idt2b,93.908,0.22102,105.469,123.982,idt2a,140.614,0.24355,148.533,162.311,169,qos_aware,idt2a,0.819342,20.8854,0.834391,0.817465,1
44,1278,idt2b,10.153,0.13607,22.133,33.027,idt2a,51.614,0.19736,62.829,79.69,idt2b,93.908,0.22102,105.469,123.982,idt2a,140.614,0.24355,148.533,162.311,170,qos_aware,idt2a,0.941842,15.6354,0.959141,0.926527,0
44,1278,idt2b,10.153,0.13607,22.133,33.027,idt2a,51.614,0.19736,62.829,79.69,idt2b,93.908,0.22102,105.469,123.982,idt2a,140.614,0.24355,148.533,162.311,171,qos_aware,idt2a,0.98,14.0,0.998,0.9605,0
44,1278,idt2b,10.153,0.13607,22.133,33.027,idt2a,51.614,0.19736,62.829,79.69,idt2b,93.908,0.22102,105.469,123.982,idt2a,140.614,0.24355,148.533,162.311,172,qos_aware,idt2a,0.98,14.0,0.998,0.9605,0
44,1278,idt2b,10.153,0.13607,22.133,33.027,idt2a,51.614,0.19736,62.829,79.69,idt2b,93.908,0.22102,105.469,123.982,idt2a,140.614,0.24355,148.533,162.311,173,qos_aware,idt2a,0.98,14.0,0.998,0.9605,0
44,1278,idt2b,10.153,0.13607,22.133,33.027,idt2a,51.614,0.19736,62.829,79.69,idt2b,93.908,0.22102,105.469,123.982,idt2a,140.614,0.24355,148.533,162.311,174,qos_aware,idt2a,0.98,14.0,0.998,0.9605,0
44,1278,idt2b,10.153,0.13607,22.133,33.027,idt2a,51.614,0.19736,62.829,79.69,idt2b,93.908,0.22102,105.469,123.982,idt2a,140.614,0.24355,148.533,162.311,175,qos_aware,idt2a,0.98,14.0,0.998,0.9605,0
44,1278,idt2b,10.153,0.13607,22.133,33.027,idt2a,51.614,0.19736,62.829,79.69,idt2b,93.908,0.22102,105.469,123.982,idt2a,140.614,0.24355,148.533,162.311,176,qos_aware,idt2a,0.98,14.0,0.998,0.9605,0
44,1278,idt2b,10.153,0.13607,22.133,33.027,idt2a,51.614,0.19736,62.829,79.69,idt2b,93.908,0.22102,105.469,123.982,idt2a,140.614,0.24355,148.533,162.311,177,qos_aware,idt2a,0.98,14.0,0.998,0.9605,0
44,1278,idt2b,10.153,0.13607,22.133,33.027,idt2a,51.614,0.19736,62.829,79.69,idt2b,93.908,0.22102,105.469,123.982,idt2a,140.614,0.24355,148.533,162.311,178,qos_aware,idt2a,0.98,14.0,0.998,0.9605,0
44,1278,idt2b,10.153,0.13607,22.133,33.027,idt2a,51.614,0.19736,62.829,79.69,idt2b,93.908,0.22102,105.469,123.982,idt2a,140.614,0.24355,148.533,162.311,179,qos_aware,idt2a,0.98,14.0,0.998,0.9605,0
44,1278,idt2b,10.153,0.13607,22.133,33.027,idt2a,51.614,0.19736,62.829,79.69,idt2b,93.908,0.22102,105.469,123.982,idt2a,140.614,0.24355,148.533,162.311,180,qos_aware,idt2a,0.98,14.0,0.998,0.9605,0
44,1278,idt2b,10.153,0.13607,22.133,33.027,idt2a,51.614,0.19736,62.829,79.69,idt2b,93.908,0.22102,105.469,123.982,idt2a,140.614,0.24355,148.533,162.311,181,qos_aware,idt2a,0.98,14.0,0.998,0.9605,0
44,1278,idt2b,10.153,0.13607,22.133,33.027,idt2a,51.614,0.19736,62.829,79.69,idt2b,93.908,0.22102,105.469,123.982,idt2a,140.614,0.24355,148.533,162.311,182,qos_aware,idt2a,0.98,14.0,0.998,0.9605,0
44,1278,idt2b,10.153,0.13607,22.133,33.027,idt2a,51.614,0.19736,62.829,79.69,idt2b,93.908,0.22102,105.469,123.982,idt2a,140.614,0.24355,148.533,162.311,183,qos_aware,idt2a,0.98,14.0,0.998,0.9605,0
44,1278,idt2b,10.153,0.13607,22.133,33.027,idt2a,51.614,0.19736,62.829,79.69,idt2b,93.908,0.22102,105.469,123.982,idt2a,140.614,0.24355,148.533,162.311,184,qos_aware,idt2a,0.98,14.0,0.998,0.9605,0
44,1278,idt2b,10.153,0.13607,22.133,33.027,idt2a,51.614,0.19736,62.829,79.69,idt2b,93.908,0.22102,105.469,123.982,idt2a,140.614,0.24355,148.533,162.311,185,qos_aware,idt2a,0.98,14.0,0.998,0.9605,0
44,1278,idt2b,10.153,0.13607,22.133,33.027,idt2a,51.614,0.19736,62.829,79.69,idt2b,93.908,0.22102,105.469,123.982,idt2a,140.614,0.24355,148.533,162.311,186,qos_aware,idt2a,0.98,14.0,0.998,0.9605,0
44,1278,idt2b,10.153,0.13607,22.133,33.027,idt2a,51.614,0.19736,62.829,79.69,idt2b,93.908,0.22102,105.469,123.982,idt2a,140.614,0.24355,148.533,162.311,187,qos_aware,idt2a,0.98,14.0,0.998,0.9605,0
44,1278,idt2b,10.153,0.13607,22.133,33.027,idt2a,51.614,0.19736,62.829,79.69,idt2b,93.908,0.22102,105.469,123.982,idt2a,140.614,0.24355,148.533,162.311,188,qos_aware,idt2a,0.98,14.0,0.998,0.9605,0
44,1278,idt2b,10.153,0.13607,22.133,33.027,idt2a,51.614,0.19736,62.829,79.69,idt2b,93.908,0.22102,105.469,123.982,idt2a,140.614,0.24355,148.533,162.311,189,qos_aware,idt2a,0.98,14.0,0.998,0.9605,0
44,1278,idt2b,10.153,0.13607,22.133,33.027,idt2a,51.614,0.19736,62.829,79.69,idt2b,93.908,0.22102,105.469,123.982,idt2a,140.614,0.24355,148.533,162.311,190,qos_aware,idt2a,0.98,14.0,0.998,0.9605,0
44,1278,idt2b,10.153,0.13607,22.133,33.027,idt2a,51.614,0.19736,62.829,79.69,idt2b,93.908,0.22102,105.469,123.982,idt2a,140.614,0.24355,148.533,162.311,191,qos_aware,idt2a,0.98,14.0,0.998,0.9605,0
44,1278,idt2b,10.153,0.13607,22.133,33.027,idt2a,51.614,0.19736,62.829,79.69,idt2b,93.908,0.22102,105.469,123.982,idt2a,140.614,0.24355,148.533,162.311,192,qos_aware,idt2a,0.98,14.0,0.998,0.9605,0
44,1278,idt2b,10.153,0.13607,22.133,33.027,idt2a,51.614,0.19736,62.829,79.69,idt2b,93.908,0.22102,105.469,123.982,idt2a,140.614,0.24355,148.533,162.311,193,qos_aware,idt2a,0.98,14.0,0.998,0.9605,0
44,1278,idt2b,10.153,0.13607,22.133,33.027,idt2a,51.614,0.19736,62.829,79.69,idt2b,93.908,0.22102,105.469,123.982,idt2a,140.614,0.24355,148.533,162.311,194,qos_aware,idt2a,0.98,14.0,0.998,0.9605,0
44,1278,idt2b,10.153,0.13607,22.133,33.027,idt2a,51.614,0.19736,62.829,79.69,idt2b,93.908,0.22102,105.469,123.982,idt2a,140.614,0.24355,148.533,162.311,195,qos_aware,idt2a,0.98,14.0,0.998,0.9605,0
44,1278,idt2b,10.153,0.13607,22.133,33.027,idt2a,51.614,0.19736,62.829,79.69,idt2b,93.908,0.22102,105.469,123.982,idt2a,140.614,0.24355,148.533,162.311,196,qos_aware,idt2a,0.98,14.0,0.998,0.9605,0
44,1278,idt2b,10.153,0.13607,22.133,33.027,idt2a,51.614,0.19736,62.829,79.69,idt2b,93.908,0.22102,105.469,123.982,idt2a,140.614,0.24355,148.533,162.311,197,qos_aware,idt2a,0.98,14.0,0.998,0.9605,0
44,1278,idt2b,10.153,0.13607,22.133,33.027,idt2a,51.614,0.19736,62.829,79.69,idt2b,93.908,0.22102,105.469,123.982,idt2a,140.614,0.24355,148.533,162.311,198,qos_aware,idt2a,0.98,14.0,0.998,0.9605,0
44,1278,idt2b,10.153,0.13607,22.133,33.027,idt2a,51.614,0.19736,62.829,79.69,idt2b,93.908,0.22102,105.469,123.982,idt2a,140.614,0.24355,148.533,162.311,199,qos_aware,idt2a,0.98,14.0,0.998,0.9605,0
44,1278,idt2b,10.153,0.13607,22.133,33.027,idt2a,51.614,0.19736,62.829,79.69,idt2b,93.908,0.22102,105.469,123.982,idt2a,140.614,0.24355,148.533,162.311,200,qos_aware,idt2a,0.98,14.0,0.998,0.9605,0
44,1278,idt2b,10.153,0.13607,22.133,33.027,idt2a,51.614,0.19736,62.829,79.69,idt2b,93.908,0.22102,105.469,123.982,idt2a,140.614,0.24355,148.533,162.311,201,qos_aware,idt2a,0.98,14.0,0.998,0.9605,0
44,1278,idt2b,10.153,0.13607,22.133,33.027,idt2a,51.614,0.19736,62.829,79.69,idt2b,93.908,0.22102,105.469,123.982,idt2a,140.614,0.24355,148.533,162.311,202,qos_aware,idt2a,0.98,14.0,0.998,0.9605,0
44,1278,idt2b,10.153,0.13607,22.133,33.027,idt2a,51.614,0.19736,62.829,79.69,idt2b,93.908,0.22102,105.469,123.982,idt2a,140.614,0.24355,148.533,162.311,203,qos_aware,idt2a,0.98,14.0,0.998,0.9605,0
44,1278,idt2b,10.153,0.13607,22.133,33.027,idt2a,51.614,0.19736,62.829,79.69,idt2b,93.908,0.22102,105.469,123.982,idt2a,140.614,0.24355,148.533,162.311,204,qos_aware,idt2a,0.98,14.0,0.998,0.9605,0
44,1278,idt2b,10.153,0.13607,22.133,33.027,idt2a,51.614,0.19736,62.829,79.69,idt2b,93.908,0.22102,105.469,123.982,idt2a,140.614,0.24355,148.533,162.311,205,qos_aware,idt2a,0.98,14.0,0.998,0.9605,0
44,1278,idt2b,10.153,0.13607,22.133,33.027,idt2a,51.614,0.19736,62.829,79.69,idt2b,93.908,0.22102,105.469,123.982,idt2a,140.614,0.24355,148.533,162.311,206,qos_aware,idt2a,0.98,14.0,0.998,0.9605,0
44,1278,idt2b,10.153,0.13607,22.133,33.027,idt2a,51.614,0.19736,62.829,79.69,idt2b,93.908,0.22102,105.469,123.982,idt2a,140.614,0.24355,148.533,162.311,207,qos_aware,idt2a,0.98,14.0,0.998,0.9605,0
44,1278,idt2b,10.153,0.13607,22.133,33.027,idt2a,51.614,0.19736,62.829,79.69,idt2b,93.908,0.22102,105.469,123.982,idt2a,140.614,0.24355,148.533,162.311,208,qos_aware,idt2a,0.98,14.0,0.998,0.9605,0
44,1278,idt2b,10.153,0.13607,22.133,33.027,idt2a,51.614,0.19736,62.829,79.69,idt2b,93.908,0.22102,105.469,123.982,idt2a,140.614,0.24355,148.533,162.311,209,qos_aware,idt2a,0.98,14.0,0.998,0.9605,0
44,1278,idt2b,10.153,0.13607,22.133,33.027,idt2a,51.614,0.19736,62.829,79.69,idt2b,93.908,0.22102,105.469,123.982,idt2a,140.614,0.24355,148.533,162.311,210,qos_aware,idt2a,0.98,14.0,0.998,0.9605,0
44,1278,idt2b,10.153,0.13607,22.133,33.027,idt2a,51.614,0.19736,62.829,79.69,idt2b,93.908,0.22102,105.469,123.982,idt2a,140.614,0.24355,148.533,162.311,211,qos_aware,idt2a,0.98,14.0,0.998,0.9605,0
44,1278,idt2b,10.153,0.13607,22.133,33.027,idt2a,51.614,0.19736,62.829,79.69,idt2b,93.908,0.22102,105.469,123.982,idt2a,140.614,0.24355,148.533,162.311,212,qos_aware,idt2a,0.98,14.0,0.998,0.9605,0
44,1278,idt2b,10.153,0.13607,22.133,33.027,idt2a,51.614,0.19736,62.829,79.69,idt2b,93.908,0.22102,105.469,123.982,idt2a,140.614,0.24355,148.533,162.311,213,qos_aware,idt2a,0.98,14.0,0.998,0.9605,0
44,1278,idt2b,10.153,0.13607,22.133,33.027,idt2a,51.614,0.19736,62.829,79.69,idt2b,93.908,0.22102,105.469,123.982,idt2a,140.614,0.24355,148.533,162.311,214,qos_aware,idt2a,0.98,14.0,0.998,0.9605,0
44,1278,idt2b,10.153,0.13607,22.133,33.027,idt2a,51.614,0.19736,62.829,79.69,idt2b,93.908,0.22102,105.469,123.982,idt2a,140.614,0.24355,148.533,162.311,215,qos_aware,idt2a,0.98,14.0,0.998,0.9605,0
44,1278,idt2b,10.153,0.13607,22.133,33.027,idt2a,51.614,0.19736,62.829,79.69,idt2b,93.908,0.22102,105.469,123.982,idt2a,140.614,0.24355,148.533,162.311,216,qos_aware,idt2a,0.98,14.0,0.998,0.9605,0
44,1278,idt2b,10.153,0.13607,22.133,33.027,idt2a,51.614,0.19736,62.829,79.69,idt2b,93.908,0.22102,105.469,123.982,idt2a,140.614,0.24355,148.533,162.311,217,qos_aware,idt2a,0.98,14.0,0.998,0.9605,0
44,1278,idt2b,10.153,0.13607,22.133,33.027,idt2a,51.614,0.19736,62.829,79.69,idt2b,93.908,0.22102,105.469,123.982,idt2a,140.614,0.24355,148.533,162.311,218,qos_aware,idt2a,0.98,14.0,0.998,0.9605,0
44,1278,idt2b,10.153,0.13607,22.133,33.027,idt2a,51.614,0.19736,62.829,79.69,idt2b,93.908,0.22102,105.469,123.982,idt2a,140.614,0.24355,148.533,162.311,219,qos_aware,idt2a,0.98,14.0,0.998,0.9605,0
44,1278,idt2b,10.153,0.13607,22.133,33.027,idt2a,51.614,0.19736,62.829,79.69,idt2b,93.908,0.22102,105.469,123.982,idt2a,140.614,0.24355,148.533,162.311,220,qos_aware,idt2a,0.98,14.0,0.998,0.9605,0
44,1278,idt2b,10.153,0.13607,22.133,33.027,idt2a,51.614,0.19736,62.829,79.69,idt2b,93.908,0.22102,105.469,123.982,idt2a,140.614,0.24355,148.533,162.311,221,qos_aware,idt2a,0.98,14.0,0.998,0.9605,0
44,1278,idt2b,10.153,0.13607,22.133,33.027,idt2a,51.614,0.19736,62.829,79.69,idt2b,93.908,0.22102,105.469,123.982,idt2a,140.614,0.24355,148.533,162.311,222,qos_aware,idt2a,0.98,14.0,0.998,0.9605,0
44,1278,idt2b,10.153,0.13607,22.133,33.027,idt2a,51.614,0.19736,62.829,79.69,idt2b,93.908,0.22102,105.469,123.982,idt2a,140.614,0.24355,148.533,162.311,223,qos_aware,idt2a,0.98,14.0,0.998,0.9605,0
44,1278,idt2b,10.153,0.13607,22.133,33.027,idt2a,51.614,0.19736,62.829,79.69,idt2b,93.908,0.22102,105.469,123.982,idt2a,140.614,0.24355,148.533,162.311,224,qos_aware,idt2a,0.98,14.0,0.998,0.9605,0
44,1278,idt2b,10.153,0.13607,22.133,33.027,idt2a,51.614,0.19736,62.829,79.69,idt2b,93.908,0.22102,105.469,123.982,idt2a,140.614,0.24355,148.533,162.311,225,qos_aware,idt2a,0.98,14.0,0.998,0.9605,0
44,1278,idt2b,10.153,0.13607,22.133,33.027,idt2a,51.614,0.19736,62.829,79.69,idt2b,93.908,0.22102,105.469,123.982,idt2a,140.614,0.24355,148.533,162.311,226,qos_aware,idt2a,0.98,14.0,0.998,0.9605,0
44,1278,idt2b,10.153,0.13607,22.133,33.027,idt2a,51.614,0.19736,62.829,79.69,idt2b,93.908,0.22102,105.469,123.982,idt2a,140.614,0.24355,148.533,162.311,227,qos_aware,idt2a,0.98,14.0,0.998,0.9605,0
44,1278,idt2b,10.153,0.13607,22.133,33.027,idt2a,51.614,0.19736,62.829,79.69,idt2b,93.908,0.22102,105.469,123.982,idt2a,140.614,0.24355,148.533,162.311,228,qos_aware,idt2a,0.98,14.0,0.998,0.9605,0
44,1278,idt2b,10.153,0.13607,22.133,33.027,idt2a,51.614,0.19736,62.829,79.69,idt2b,93.908,0.22102,105.469,123.982,idt2a,140.614,0.24355,148.533,162.311,229,qos_aware,idt2a,0.98,14.0,0.998,0.9605,0
44,1278,idt2b,10.153,0.13607,22.133,33.027,idt2a,51.614,0.19736,62.829,79.69,idt2b,93.908,0.22102,105.469,123.982,idt2a,140.614,0.24355,148.533,162.311,230,qos_aware,idt2a,0.98,14.0,0.998,0.9605,0
44,1278,idt2b,10.153,0.13607,22.133,33.027,idt2a,51.614,0.19736,62.829,79.69,idt2b,93.908,0.22102,105.469,123.982,idt2a,140.614,0.24355,148.533,162.311,231,qos_aware,idt2a,0.98,14.0,0.998,0.9605,0
44,1278,idt2b,10.153,0.13607,22.133,33.027,idt2a,51.614,0.19736,62.829,79.69,idt2b,93.908,0.22102,105.469,123.982,idt2a,140.614,0.24355,148.533,162.311,232,qos_aware,idt2a,0.98,14.0,0.998,0.9605,0
44,1278,idt2b,10.153,0.13607,22.133,33.027,idt2a,51.614,0.19736,62.829,79.69,idt2b,93.908,0.22102,105.469,123.982,idt2a,140.614,0.24355,148.533,162.311,233,qos_aware,idt2a,0.98,14.0,0.998,0.9605,0
44,1278,idt2b,10.153,0.13607,22.133,33.027,idt2a,51.614,0.19736,62.829,79.69,idt2b,93.908,0.22102,105.469,123.982,idt2a,140.614,0.24355,148.533,162.311,234,qos_aware,idt2a,0.98,14.0,0.998,0.9605,0
44,1278,idt2b,10.153,0.13607,22.133,33.027,idt2a,51.614,0.19736,62.829,79.69,idt2b,93.908,0.22102,105.469,123.982,idt2a,140.614,0.24355,148.533,162.311,235,qos_aware,idt2a,0.98,14.0,0.998,0.9605,0
44,1278,idt2b,10.153,0.13607,22.133,33.027,idt2a,51.614,0.19736,62.829,79.69,idt2b,93.908,0.22102,105.469,123.982,idt2a,140.614,0.24355,148.533,162.311,236,qos_aware,idt2a,0.98,14.0,0.998,0.9605,0
44,1278,idt2b,10.153,0.13607,22.133,33.027,idt2a,51.614,0.19736,62.829,79.69,idt2b,93.908,0.22102,105.469,123.982,idt2a,140.614,0.24355,148.533,162.311,237,qos_aware,idt2a,0.98,14.0,0.998,0.9605,0
44,1278,idt2b,10.153,0.13607,22.133,33.027,idt2a,51.614,0.19736,62.829,79.69,idt2b,93.908,0.22102,105.469,123.982,idt2a,140.614,0.24355,148.533,162.311,238,qos_aware,idt2a,0.98,14.0,0.998,0.9605,0
44,1278,idt2b,10.153,0.13607,22.133,33.027,idt2a,51.614,0.19736,62.829,79.69,idt2b,93.908,0.22102,105.469,123.982,idt2a,140.614,0.24355,148.533,162.311,239,qos_aware,idt2a,0.98,14.0,0.998,0.9605,0
44,1278,idt2b,10.153,0.13607,22.133,33.027,idt2a,51.614,0.19736,62.829,79.69,idt2b,93.908,0.22102,105.469,123.982,idt2a,140.614,0.24355,148.533,162.311,240,qos_aware,idt2a,0.98,14.0,0.998,0.9605,0
44,1278,idt2b,10.153,0.13607,22.133,33.027,idt2a,51.614,0.19736,62.829,79.69,idt2b,93.908,0.22102,105.469,123.982,idt2a,140.614,0.24355,148.533,162.311,241,qos_aware,idt2a,0.98,14.0,0.998,0.9605,0
44,1278,idt2b,10.153,0.13607,22.133,33.027,idt2a,51.614,0.19736,62.829,79.69,idt2b,93.908,0.22102,105.469,123.982,idt2a,140.614,0.24355,148.533,162.311,242,qos_aware,idt2a,0.98,14.0,0.998,0.9605,0
44,1278,idt2b,10.153,0.13607,22.133,33.027,idt2a,51.614,0.19736,62.829,79.69,idt2b,93.908,0.22102,105.469,123.982,idt2a,140.614,0.24355,148.533,162.311,243,qos_aware,idt2a,0.98,14.0,0.998,0.9605,0
44,1278,idt2b,10.153,0.13607,22.133,33.027,idt2a,51.614,0.19736,62.829,79.69,idt2b,93.908,0.22102,105.469,123.982,idt2a,140.614,0.24355,148.533,162.311,244,qos_aware,idt2a,0.98,14.0,0.998,0.9605,0
44,1278,idt2b,10.153,0.13607,22.133,33.027,idt2a,51.614,0.19736,62.829,79.69,idt2b,93.908,0.22102,105.469,123.982,idt2a,140.614,0.24355,148.533,162.311,245,qos_aware,idt2a,0.98,14.0,0.998,0.9605,0
44,1278,idt2b,10.153,0.13607,22.133,33.027,idt2a,51.614,0.19736,62.829,79.69,idt2b,93.908,0.22102,105.469,123.982,idt2a,140.614,0.24355,148.533,162.311,246,qos_aware,idt2a,0.98,14.0,0.998,0.9605,0
44,1278,idt2b,10.153,0.13607,22.133,33.027,idt2a,51.614,0.19736,62.829,79.69,idt2b,93.908,0.22102,105.469,123.982,idt2a,140.614,0.24355,148.533,162.311,247,qos_aware,idt2a,0.98,14.0,0.998,0.9605,0
44,1278,idt2b,10.153,0.13607,22.133,33.027,idt2a,51.614,0.19736,62.829,79.69,idt2b,93.908,0.22102,105.469,123.982,idt2a,140.614,0.24355,148.533,162.311,248,qos_aware,idt2a,0.98,14.0,0.998,0.9605,0
44,1278,idt2b,10.153,0.13607,22.133,33.027,idt2a,51.614,0.19736,62.829,79.69,idt2b,93.908,0.22102,105.469,123.982,idt2a,140.614,0.24355,148.533,162.311,249,qos_aware,idt2a,0.98,14.0,0.998,0.9605,0
44,1278,idt2b,10.153,0.13607,22.133,33.027,idt2a,51.614,0.19736,62.829,79.69,idt2b,93.908,0.22102,105.469,123.982,idt2a,140.614,0.24355,148.533,162.311,250,qos_aware,idt2a,0.98,14.0,0.998,0.9605,0
44,1278,idt2b,10.153,0.13607,22.133,33.027,idt2a,51.614,0.19736,62.829,79.69,idt2b,93.908,0.22102,105.469,123.982,idt2a,140.614,0.24355,148.533,162.311,251,qos_aware,idt2a,0.98,14.0,0.998,0.9605,0
44,1278,idt2b,10.153,0.13607,22.133,33.027,idt2a,51.614,0.19736,62.829,79.69,idt2b,93.908,0.22102,105.469,123.982,idt2a,140.614,0.24355,148.533,162.311,252,qos_aware,idt2a,0.98,14.0,0.998,0.9605,0
44,1278,idt2b,10.153,0.13607,22.133,33.027,idt2a,51.614,0.19736,62.829,79.69,idt2b,93.908,0.22102,105.469,123.982,idt2a,140.614,0.24355,148.533,162.311,253,qos_aware,idt2a,0.98,14.0,0.998,0.9605,0
44,1278,idt2b,10.153,0.13607,22.133,33.027,idt2a,51.614,0.19736,62.829,79.69,idt2b,93.908,0.22102,105.469,123.982,idt2a,140.614,0.24355,148.533,162.311,254,qos_aware,idt2a,0.98,14.0,0.998,0.9605,0
44,1278,idt2b,10.153,0.13607,22.133,33.027,idt2a,51.614,0.19736,62.829,79.69,idt2b,93.908,0.22102,105.469,123.982,idt2a,140.614,0.24355,148.533,162.311,255,qos_aware,idt2a,0.98,14.0,0.998,0.9605,0
44,1278,idt2b,10.153,0.13607,22.133,33.027,idt2a,51.614,0.19736,62.829,79.69,idt2b,93.908,0.22102,105.469,123.982,idt2a,140.614,0.24355,148.533,162.311,256,qos_aware,idt2a,0.98,14.0,0.998,0.9605,0
44,1278,idt2b,10.153,0.13607,22.133,33.027,idt2a,51.614,0.19736,62.829,79.69,idt2b,93.908,0.22102,105.469,123.982,idt2a,140.614,0.24355,148.533,162.311,257,qos_aware,idt2a,0.98,14.0,0.998,0.9605,0
44,1278,idt2b,10.153,0.13607,22.133,33.027,idt2a,51.614,0.19736,62.829,79.69,idt2b,93.908,0.22102,105.469,123.982,idt2a,140.614,0.24355,148.533,162.311,258,qos_aware,idt2a,0.98,14.0,0.998,0.9605,0
44,1278,idt2b,10.153,0.13607,22.133,33.027,idt2a,51.614,0.19736,62.829,79.69,idt2b,93.908,0.22102,105.469,123.982,idt2a,140.614,0.24355,148.533,162.311,259,qos_aware,idt2a,0.98,14.0,0.998,0.9605,0
44,1278,idt2b,10.153,0.13607,22.133,33.027,idt2a,51.614,0.19736,62.829,79.69,idt2b,93.908,0.22102,105.469,123.982,idt2a,140.614,0.24355,148.533,162.311,260,qos_aware,idt2a,0.98,14.0,0.998,0.9605,0
44,1278,idt2b,10.153,0.13607,22.133,33.027,idt2a,51.614,0.19736,62.829,79.69,idt2b,93.908,0.22102,105.469,123.982,idt2a,140.614,0.24355,148.533,162.311,261,qos_aware,idt2a,0.98,14.0,0.998,0.9605,0
44,1278,idt2b,10.153,0.13607,22.133,33.027,idt2a,51.614,0.19736,62.829,79.69,idt2b,93.908,0.22102,105.469,123.982,idt2a,140.614,0.24355,148.533,162.311,262,qos_aware,idt2a,0.98,14.0,0.998,0.9605,0
44,1278,idt2b,10.153,0.13607,22.133,33.027,idt2a,51.614,0.19736,62.829,79.69,idt2b,93.908,0.22102,105.469,123.982,idt2a,140.614,0.24355,148.533,162.311,263,qos_aware,idt2a,0.98,14.0,0.998,0.9605,0
44,1278,idt2b,10.153,0.13607,22.133,33.027,idt2a,51.614,0.19736,62.829,79.69,idt2b,93.908,0.22102,105.469,123.982,idt2a,140.614,0.24355,148.533,162.311,264,qos_aware,idt2a,0.98,14.0,0.998,0.9605,0
44,1278,idt2b,10.153,0.13607,22.133,33.027,idt2a,51.614,0.19736,62.829,79.69,idt2b,93.908,0.22102,105.469,123.982,idt2a,140.614,0.24355,148.533,162.311,265,qos_aware,idt2a,0.98,14.0,0.998,0.9605,0
44,1278,idt2b,10.153,0.13607,22.133,33.027,idt2a,51.614,0.19736,62.829,79.69,idt2b,93.908,0.22102,105.469,123.982,idt2a,140.614,0.24355,148.533,162.311,266,qos_aware,idt2a,0.98,14.0,0.998,0.9605,0
44,1278,idt2b,10.153,0.13607,22.133,33.027,idt2a,51.614,0.19736,62.829,79.69,idt2b,93.908,0.22102,105.469,123.982,idt2a,140.614,0.24355,148.533,162.311,267,qos_aware,idt2a,0.98,14.0,0.998,0.9605,0
44,1278,idt2b,10.153,0.13607,22.133,33.027,idt2a,51.614,0.19736,62.829,79.69,idt2b,93.908,0.22102,105.469,123.982,idt2a,140.614,0.24355,148.533,162.311,268,qos_aware,idt2a,0.98,14.0,0.998,0.9605,0
44,1278,idt2b,10.153,0.13607,22.133,33.027,idt2a,51.614,0.19736,62.829,79.69,idt2b,93.908,0.22102,105.469,123.982,idt2a,140.614,0.24355,148.533,162.311,269,qos_aware,idt2a,0.98,14.0,0.998,0.9605,0
44,1278,idt2b,10.153,0.13607,22.133,33.027,idt2a,51.614,0.19736,62.829,79.69,idt2b,93.908,0.22102,105.469,123.982,idt2a,140.614,0.24355,148.533,162.311,270,qos_aware,idt2a,0.98,14.0,0.998,0.9605,0
44,1278,idt2b,10.153,0.13607,22.133,33.027,idt2a,51.614,0.19736,62.829,79.69,idt2b,93.908,0.22102,105.469,123.982,idt2a,140.614,0.24355,148.533,162.311,271,qos_aware,idt2a,0.98,14.0,0.998,0.9605,0
44,1278,idt2b,10.153,0.13607,22.133,33.027,idt2a,51.614,0.19736,62.829,79.69,idt2b,93.908,0.22102,105.469,123.982,idt2a,140.614,0.24355,148.533,162.311,272,qos_aware,idt2a,0.98,14.0,0.998,0.9605,0
44,1278,idt2b,10.153,0.13607,22.133,33.027,idt2a,51.614,0.19736,62.829,79.69,idt2b,93.908,0.22102,105.469,123.982,idt2a,140.614,0.24355,148.533,162.311,273,qos_aware,idt2a,0.98,14.0,0.998,0.9605,0
44,1278,idt2b,10.153,0.13607,22.133,33.027,idt2a,51.614,0.19736,62.829,79.69,idt2b,93.908,0.22102,105.469,123.982,idt2a,140.614,0.24355,148.533,162.311,274,qos_aware,idt2a,0.98,14.0,0.998,0.9605,0
44,1278,idt2b,10.153,0.13607,22.133,33.027,idt2a,51.614,0.19736,62.829,79.69,idt2b,93.908,0.22102,105.469,123.982,idt2a,140.614,0.24355,148.533,162.311,275,qos_aware,idt2a,0.98,14.0,0.998,0.9605,0
44,1278,idt2b,10.153,0.13607,22.133,33.027,idt2a,51.614,0.19736,62.829,79.69,idt2b,93.908,0.22102,105.469,123.982,idt2a,140.614,0.24355,148.533,162.311,276,qos_aware,idt2a,0.98,14.0,0.998,0.9605,0
44,1278,idt2b,10.153,0.13607,22.133,33.027,idt2a,51.614,0.19736,62.829,79.69,idt2b,93.908,0.22102,105.469,123.982,idt2a,140.614,0.24355,148.533,162.311,277,qos_aware,idt2a,0.98,14.0,0.998,0.9605,0
44,1278,idt2b,10.153,0.13607,22.133,33.027,idt2a,51.614,0.19736,62.829,79.69,idt2b,93.908,0.22102,105.469,123.982,idt2a,140.614,0.24355,148.533,162.311,278,qos_aware,idt2a,0.98,14.0,0.998,0.9605,0
44,1278,idt2b,10.153,0.13607,22.133,33.027,idt2a,51.614,0.19736,62.829,79.69,idt2b,93.908,0.22102,105.469,123.982,idt2a,140.614,0.24355,148.533,162.311,279,qos_aware,idt2a,0.98,14.0,0.998,0.9605,0
44,1278,idt2b,10.153,0.13607,22.133,33.027,idt2a,51.614,0.19736,62.829,79.69,idt2b,93.908,0.22102,105.469,123.982,idt2a,140.614,0.24355,148.533,162.311,280,qos_aware,idt2a,0.98,14.0,0.998,0.9605,0
44,1278,idt2b,10.153,0.13607,22.133,33.027,idt2a,51.614,0.19736,62.829,79.69,idt2b,93.908,0.22102,105.469,123.982,idt2a,140.614,0.24355,148.533,162.311,281,qos_aware,idt2a,0.98,14.0,0.998,0.9605,0
44,1278,idt2b,10.153,0.13607,22.133,33.027,idt2a,51.614,0.19736,62.829,79.69,idt2b,93.908,0.22102,105.469,123.982,idt2a,140.614,0.24355,148.533,162.311,282,qos_aware,idt2a,0.98,14.0,0.998,0.9605,0
44,1278,idt2b,10.153,0.13607,22.133,33.027,idt2a,51.614,0.19736,62.829,79.69,idt2b,93.908,0.22102,105.469,123.982,idt2a,140.614,0.24355,148.533,162.311,283,qos_aware,idt2a,0.98,14.0,0.998,0.9605,0
44,1278,idt2b,10.153,0.13607,22.133,33.027,idt2a,51.614,0.19736,62.829,79.69,idt2b,93.908,0.22102,105.469,123.982,idt2a,140.614,0.24355,148.533,162.311,284,qos_aware,idt2a,0.98,14.0,0.998,0.9605,0
44,1278,idt2b,10.153,0.13607,22.133,33.027,idt2a,51.614,0.19736,62.829,79.69,idt2b,93.908,0.22102,105.469,123.982,idt2a,140.614,0.24355,148.533,162.311,285,qos_aware,idt2a,0.98,14.0,0.998,0.9605,0
44,1278,idt2b,10.153,0.13607,22.133,33.027,idt2a,51.614,0.19736,62.829,79.69,idt2b,93.908,0.22102,105.469,123.982,idt2a,140.614,0.24355,148.533,162.311,286,qos_aware,idt2a,0.98,14.0,0.998,0.9605,0
44,1278,idt2b,10.153,0.13607,22.133,33.027,idt2a,51.614,0.19736,62.829,79.69,idt2b,93.908,0.22102,105.469,123.982,idt2a,140.614,0.24355,148.533,162.311,287,qos_aware,idt2a,0.98,14.0,0.998,0.9605,0
44,1278,idt2b,10.153,0.13607,22.133,33.027,idt2a,51.614,0.19736,62.829,79.69,idt2b,93.908,0.22102,105.469,123.982,idt2a,140.614,0.24355,148.533,162.311,288,qos_aware,idt2a,0.98,14.0,0.998,0.9605,0
44,1278,idt2b,10.153,0.13607,22.133,33.027,idt2a,51.614,0.19736,62.829,79.69,idt2b,93.908,0.22102,105.469,123.982,idt2a,140.614,0.24355,148.533,162.311,289,qos_aware,idt2a,0.98,14.0,0.998,0.9605,0
44,1278,idt2b,10.153,0.13607,22.133,33.027,idt2a,51.614,0.19736,62.829,79.69,idt2b,93.908,0.22102,105.469,123.982,idt2a,140.614,0.24355,148.533,162.311,290,qos_aware,idt2a,0.98,14.0,0.998,0.9605,0
44,1278,idt2b,10.153,0.13607,22.133,33.027,idt2a,51.614,0.19736,62.829,79.69,idt2b,93.908,0.22102,105.469,123.982,idt2a,140.614,0.24355,148.533,162.311,291,qos_aware,idt2a,0.98,14.0,0.998,0.9605,0
44,1278,idt2b,10.153,0.13607,22.133,33.027,idt2a,51.614,0.19736,62.829,79.69,idt2b,93.908,0.22102,105.469,123.982,idt2a,140.614,0.24355,148.533,162.311,292,qos_aware,idt2a,0.98,14.0,0.998,0.9605,0
44,1278,idt2b,10.153,0.13607,22.133,33.027,idt2a,51.614,0.19736,62.829,79.69,idt2b,93.908,0.22102,105.469,123.982,idt2a,140.614,0.24355,148.533,162.311,293,qos_aware,idt2a,0.98,14.0,0.998,0.9605,0
44,1278,idt2b,10.153,0.13607,22.133,33.027,idt2a,51.614,0.19736,62.829,79.69,idt2b,93.908,0.22102,105.469,123.982,idt2a,140.614,0.24355,148.533,162.311,294,qos_aware,idt2a,0.98,14.0,0.998,0.9605,0
44,1278,idt2b,10.153,0.13607,22.133,33.027,idt2a,51.614,0.19736,62.829,79.69,idt2b,93.908,0.22102,105.469,123.982,idt2a,140.614,0.24355,148.533,162.311,295,qos_aware,idt2a,0.98,14.0,0.998,0.9605,0
44,1278,idt2b,10.153,0.13607,22.133,33.027,idt2a,51.614,0.19736,62.829,79.69,idt2b,93.908,0.22102,105.469,123.982,idt2a,140.614,0.24355,148.533,162.311,296,qos_aware,idt2a,0.98,14.0,0.998,0.9605,0
44,1278,idt2b,10.153,0.13607,22.133,33.027,idt2a,51.614,0.19736,62.829,79.69,idt2b,93.908,0.22102,105.469,123.982,idt2a,140.614,0.24355,148.533,162.311,297,qos_aware,idt2a,0.98,14.0,0.998,0.9605,0
44,1278,idt2b,10.153,0.13607,22.133,33.027,idt2a,51.614,0.19736,62.829,79.69,idt2b,93.908,0.22102,105.469,123.982,idt2a,140.614,0.24355,148.533,162.311,298,qos_aware,idt2a,0.98,14.0,0.998,0.9605,0
44,1278,idt2b,10.153,0.13607,22.133,33.027,idt2a,51.614,0.19736,62.829,79.69,idt2b,93.908,0.22102,105.469,123.982,idt2a,140.614,0.24355,148.533,162.311,299,qos_aware,idt2a,0.98,14.0,0.998,0.9605,0
44,1278,idt2b,10.153,0.13607,22.133,33.027,idt2a,51.614,0.19736,62.829,79.69,idt2b,93.908,0.22102,105.469,123.982,idt2a,140.614,0.24355,148.533,162.311,300,qos_aware,idt2a,0.98,14.0,0.998,0.9605,0
44,1278,idt2b,10.153,0.13607,22.133,33.027,idt2a,51.614,0.19736,62.829,79.69,idt2b,93.908,0.22102,105.469,123.982,idt2a,140.614,0.24355,148.533,162.311,0,availability_based,idt2a,0.98,14.0,0.998,0.9605,0
44,1278,idt2b,10.153,0.13607,22.133,33.027,idt2a,51.614,0.19736,62.829,79.69,idt2b,93.908,0.22102,105.469,123.982,idt2a,140.614,0.24355,148.533,162.311,1,availability_based,idt2a,0.98,14.0,0.998,0.9605,0
44,1278,idt2b,10.153,0.13607,22.133,33.027,idt2a,51.614,0.19736,62.829,79.69,idt2b,93.908,0.22102,105.469,123.982,idt2a,140.614,0.24355,148.533,162.311,2,availability_based,idt2a,0.98,14.0,0.998,0.9605,0
44,1278,idt2b,10.153,0.13607,22.133,33.027,idt2a,51.614,0.19736,62.829,79.69,idt2b,93.908,0.22102,105.469,123.982,idt2a,140.614,0.24355,148.533,162.311,3,availability_based,idt2a,0.98,14.0,0.998,0.9605,0
44,1278,idt2b,10.153,0.13607,22.133,33.027,idt2a,51.614,0.19736,62.829,79.69,idt2b,93.908,0.22102,105.469,123.982,idt2a,140.614,0.24355,148.533,162.311,4,availability_based,idt2a,0.98,14.0,0.998,0.9605,0
44,1278,idt2b,10.153,0.13607,22.133,33.027,idt2a,51.614,0.19736,62.829,79.69,idt2b,93.908,0.22102,105.469,123.982,idt2a,140.614,0.24355,148.533,162.311,5,availability_based,idt2a,0.98,14.0,0.998,0.9605,0
44,1278,idt2b,10.153,0.13607,22.133,33.027,idt2a,51.614,0.19736,62.829,79.69,idt2b,93.908,0.22102,105.469,123.982,idt2a,140.614,0.24355,148.533,162.311,6,availability_based,idt2a,0.98,14.0,0.998,0.9605,0
44,1278,idt2b,10.153,0.13607,22.133,33.027,idt2a,51.614,0.19736,62.829,79.69,idt2b,93.908,0.22102,105.469,123.982,idt2a,140.614,0.24355,148.533,162.311,7,availability_based,idt2a,0.98,14.0,0.998,0.9605,0
44,1278,idt2b,10.153,0.13607,22.133,33.027,idt2a,51.614,0.19736,62.829,79.69,idt2b,93.908,0.22102,105.469,123.982,idt2a,140.614,0.24355,148.533,162.311,8,availability_based,idt2a,0.98,14.0,0.998,0.9605,0
44,1278,idt2b,10.153,0.13607,22.133,33.027,idt2a,51.614,0.19736,62.829,79.69,idt2b,93.908,0.22102,105.469,123.982,idt2a,140.614,0.24355,148.533,162.311,9,availability_based,idt2a,0.98,14.0,0.998,0.9605,0
44,1278,idt2b,10.153,0.13607,22.133,33.027,idt2a,51.614,0.19736,62.829,79.69,idt2b,93.908,0.22102,105.469,123.982,idt2a,140.614,0.24355,148.533,162.311,10,availability_based,idt2a,0.98,14.0,0.998,0.9605,0
44,1278,idt2b,10.153,0.13607,22.133,33.027,idt2a,51.614,0.19736,62.829,79.69,idt2b,93.908,0.22102,105.469,123.982,idt2a,140.614,0.24355,148.533,162.311,11,availability_based,idt2a,0.98,14.0,0.998,0.9605,0
44,1278,idt2b,10.153,0.13607,22.133,33.027,idt2a,51.614,0.19736,62.829,79.69,idt2b,93.908,0.22102,105.469,123.982,idt2a,140.614,0.24355,148.533,162.311,12,availability_based,idt2a,0.98,14.0,0.998,0.9605,0
44,1278,idt2b,10.153,0.13607,22.133,33.027,idt2a,51.614,0.19736,62.829,79.69,idt2b,93.908,0.22102,105.469,123.982,idt2a,140.614,0.24355,148.533,162.311,13,availability_based,idt2a,0.98,14.0,0.998,0.9605,0
44,1278,idt2b,10.153,0.13607,22.133,33.027,idt2a,51.614,0.19736,62.829,79.69,idt2b,93.908,0.22102,105.469,123.982,idt2a,140.614,0.24355,148.533,162.311,14,availability_based,idt2a,0.98,14.0,0.998,0.9605,0
44,1278,idt2b,10.153,0.13607,22.133,33.027,idt2a,51.614,0.19736,62.829,79.69,idt2b,93.908,0.22102,105.469,123.982,idt2a,140.614,0.24355,148.533,162.311,15,availability_based,idt2a,0.98,14.0,0.998,0.9605,0
44,1278,idt2b,10.153,0.13607,22.133,33.027,idt2a,51.614,0.19736,62.829,79.69,idt2b,93.908,0.22102,105.469,123.982,idt2a,140.614,0.24355,148.533,162.311,16,availability_based,idt2a,0.98,14.0,0.998,0.9605,0
44,1278,idt2b,10.153,0.13607,22.133,33.027,idt2a,51.614,0.19736,62.829,79.69,idt2b,93.908,0.22102,105.469,123.982,idt2a,140.614,0.24355,148.533,162.311,17,availability_based,idt2a,0.98,14.0,0.998,0.9605,0
44,1278,idt2b,10.153,0.13607,22.133,33.027,idt2a,51.614,0.19736,62.829,79.69,idt2b,93.908,0.22102,105.469,123.982,idt2a,140.614,0.24355,148.533,162.311,18,availability_based,idt2a,0.98,14.0,0.998,0.9605,0
44,1278,idt2b,10.153,0.13607,22.133,33.027,idt2a,51.614,0.19736,62.829,79.69,idt2b,93.908,0.22102,105.469,123.982,idt2a,140.614,0.24355,148.533,162.311,19,availability_based,idt2a,0.98,14.0,0.998,0.9605,0
44,1278,idt2b,10.153,0.13607,22.133,33.027,idt2a,51.614,0.19736,62.829,79.69,idt2b,93.908,0.22102,105.469,123.982,idt2a,140.614,0.24355,148.533,162.311,20,availability_based,idt2a,0.98,14.0,0.998,0.9605,0
44,1278,idt2b,10.153,0.13607,22.133,33.027,idt2a,51.614,0.19736,62.829,79.69,idt2b,93.908,0.22102,105.469,123.982,idt2a,140.614,0.24355,148.533,162.311,21,availability_based,idt2a,0.98,14.0,0.998,0.9605,0
44,1278,idt2b,10.153,0.13607,22.133,33.027,idt2a,51.614,0.19736,62.829,79.69,idt2b,93.908,0.22102,105.469,123.982,idt2a,140.614,0.24355,148.533,162.311,22,availability_based,idt2a,0.98,14.0,0.998,0.9605,0
44,1278,idt2b,10.153,0.13607,22.133,33.027,idt2a,51.614,0.19736,62.829,79.69,idt2b,93.908,0.22102,105.469,123.982,idt2a,140.614,0.24355,148.533,162.311,23,availability_based,idt2a,0.98,14.0,0.998,0.9605,0
44,1278,idt2b,10.153,0.13607,22.133,33.027,idt2a,51.614,0.19736,62.829,79.69,idt2b,93.908,0.22102,105.469,123.982,idt2a,140.614,0.24355,148.533,162.311,24,availability_based,idt2a,0.98,14.0,0.998,0.9605,0
44,1278,idt2b,10.153,0.13607,22.133,33.027,idt2a,51.614,0.19736,62.829,79.69,idt2b,93.908,0.22102,105.469,123.982,idt2a,140.614,0.24355,148.533,162.311,25,availability_based,idt2a,0.98,14.0,0.998,0.9605,0
44,1278,idt2b,10.153,0.13607,22.133,33.027,idt2a,51.614,0.19736,62.829,79.69,idt2b,93.908,0.22102,105.469,123.982,idt2a,140.614,0.24355,148.533,162.311,26,availability_based,idt2a,0.98,14.0,0.998,0.9605,0
44,1278,idt2b,10.153,0.13607,22.133,33.027,idt2a,51.614,0.19736,62.829,79.69,idt2b,93.908,0.22102,105.469,123.982,idt2a,140.614,0.24355,148.533,162.311,27,availability_based,idt2a,0.98,14.0,0.998,0.9605,0
44,1278,idt2b,10.153,0.13607,22.133,33.027,idt2a,51.614,0.19736,62.829,79.69,idt2b,93.908,0.22102,105.469,123.982,idt2a,140.614,0.24355,148.533,162.311,28,availability_based,idt2a,0.98,14.0,0.998,0.9605,0
44,1278,idt2b,10.153,0.13607,22.133,33.027,idt2a,51.614,0.19736,62.829,79.69,idt2b,93.908,0.22102,105.469,123.982,idt2a,140.614,0.24355,148.533,162.311,29,availability_based,idt2a,0.98,14.0,0.998,0.9605,0
44,1278,idt2b,10.153,0.13607,22.133,33.027,idt2a,51.614,0.19736,62.829,79.69,idt2b,93.908,0.22102,105.469,123.982,idt2a,140.614,0.24355,148.533,162.311,30,availability_based,idt2a,0.98,14.0,0.998,0.9605,0
44,1278,idt2b,10.153,0.13607,22.133,33.027,idt2a,51.614,0.19736,62.829,79.69,idt2b,93.908,0.22102,105.469,123.982,idt2a,140.614,0.24355,148.533,162.311,31,availability_based,idt2a,0.98,14.0,0.998,0.9605,0
44,1278,idt2b,10.153,0.13607,22.133,33.027,idt2a,51.614,0.19736,62.829,79.69,idt2b,93.908,0.22102,105.469,123.982,idt2a,140.614,0.24355,148.533,162.311,32,availability_based,idt2a,0.98,14.0,0.998,0.9605,0
44,1278,idt2b,10.153,0.13607,22.133,33.027,idt2a,51.614,0.19736,62.829,79.69,idt2b,93.908,0.22102,105.469,123.982,idt2a,140.614,0.24355,148.533,162.311,33,availability_based,idt2a,0.98,14.0,0.998,0.9605,0
44,1278,idt2b,10.153,0.13607,22.133,33.027,idt2a,51.614,0.19736,62.829,79.69,idt2b,93.908,0.22102,105.469,123.982,idt2a,140.614,0.24355,148.533,162.311,34,availability_based,idt2a,0.98,14.0,0.998,0.9605,0
44,1278,idt2b,10.153,0.13607,22.133,33.027,idt2a,51.614,0.19736,62.829,79.69,idt2b,93.908,0.22102,105.469,123.982,idt2a,140.614,0.24355,148.533,162.311,35,availability_based,idt2a,0.98,14.0,0.998,0.9605,0
44,1278,idt2b,10.153,0.13607,22.133,33.027,idt2a,51.614,0.19736,62.829,79.69,idt2b,93.908,0.22102,105.469,123.982,idt2a,140.614,0.24355,148.533,162.311,36,availability_based,idt2a,0.98,14.0,0.998,0.9605,0
44,1278,idt2b,10.153,0.13607,22.133,33.027,idt2a,51.614,0.19736,62.829,79.69,idt2b,93.908,0.22102,105.469,123.982,idt2a,140.614,0.24355,148.533,162.311,37,availability_based,idt2a,0.98,14.0,0.998,0.9605,0
44,1278,idt2b,10.153,0.13607,22.133,33.027,idt2a,51.614,0.19736,62.829,79.69,idt2b,93.908,0.22102,105.469,123.982,idt2a,140.614,0.24355,148.533,162.311,38,availability_based,idt2a,0.98,14.0,0.998,0.9605,0
44,1278,idt2b,10.153,0.13607,22.133,33.027,idt2a,51.614,0.19736,62.829,79.69,idt2b,93.908,0.22102,105.469,123.982,idt2a,140.614,0.24355,148.533,162.311,39,availability_based,idt2a,0.98,14.0,0.998,0.9605,0
44,1278,idt2b,10.153,0.13607,22.133,33.027,idt2a,51.614,0.19736,62.829,79.69,idt2b,93.908,0.22102,105.469,123.982,idt2a,140.614,0.24355,148.533,162.311,40,availability_based,idt2a,0.98,14.0,0.998,0.9605,0
44,1278,idt2b,10.153,0.13607,22.133,33.027,idt2a,51.614,0.19736,62.829,79.69,idt2b,93.908,0.22102,105.469,123.982,idt2a,140.614,0.24355,148.533,162.311,41,availability_based,idt2a,0.98,14.0,0.998,0.9605,0
44,1278,idt2b,10.153,0.13607,22.133,33.027,idt2a,51.614,0.19736,62.829,79.69,idt2b,93.908,0.22102,105.469,123.982,idt2a,140.614,0.24355,148.533,162.311,42,availability_based,idt2a,0.98,14.0,0.998,0.9605,0
44,1278,idt2b,10.153,0.13607,22.133,33.027,idt2a,51.614,0.19736,62.829,79.69,idt2b,93.908,0.22102,105.469,123.982,idt2a,140.614,0.24355,148.533,162.311,43,availability_based,idt2a,0.98,14.0,0.998,0.9605,0
44,1278,idt2b,10.153,0.13607,22.133,33.027,idt2a,51.614,0.19736,62.829,79.69,idt2b,93.908,0.22102,105.469,123.982,idt2a,140.614,0.24355,148.533,162.311,44,availability_based,idt2a,0.98,14.0,0.998,0.9605,0
44,1278,idt2b,10.153,0.13607,22.133,33.027,idt2a,51.614,0.19736,62.829,79.69,idt2b,93.908,0.22102,105.469,123.982,idt2a,140.614,0.24355,148.533,162.311,45,availability_based,idt2a,0.98,14.0,0.998,0.9605,0
44,1278,idt2b,10.153,0.13607,22.133,33.027,idt2a,51.614,0.19736,62.829,79.69,idt2b,93.908,0.22102,105.469,123.982,idt2a,140.614,0.24355,148.533,162.311,46,availability_based,idt2a,0.98,14.0,0.998,0.9605,0
44,1278,idt2b,10.153,0.13607,22.133,33.027,idt2a,51.614,0.19736,62.829,79.69,idt2b,93.908,0.22102,105.469,123.982,idt2a,140.614,0.24355,148.533,162.311,47,availability_based,idt2a,0.98,14.0,0.998,0.9605,0
44,1278,idt2b,10.153,0.13607,22.133,33.027,idt2a,51.614,0.19736,62.829,79.69,idt2b,93.908,0.22102,105.469,123.982,idt2a,140.614,0.24355,148.533,162.311,48,availability_based,idt2a,0.98,14.0,0.998,0.9605,0
44,1278,idt2b,10.153,0.13607,22.133,33.027,idt2a,51.614,0.19736,62.829,79.69,idt2b,93.908,0.22102,105.469,123.982,idt2a,140.614,0.24355,148.533,162.311,49,availability_based,idt2a,0.98,14.0,0.998,0.9605,0
44,1278,idt2b,10.153,0.13607,22.133,33.027,idt2a,51.614,0.19736,62.829,79.69,idt2b,93.908,0.22102,105.469,123.982,idt2a,140.614,0.24355,148.533,162.311,50,availability_based,idt2a,0.98,14.0,0.998,0.9605,0
44,1278,idt2b,10.153,0.13607,22.133,33.027,idt2a,51.614,0.19736,62.829,79.69,idt2b,93.908,0.22102,105.469,123.982,idt2a,140.614,0.24355,148.533,162.311,51,availability_based,idt2a,0.98,14.0,0.998,0.9605,0
44,1278,idt2b,10.153,0.13607,22.133,33.027,idt2a,51.614,0.19736,62.829,79.69,idt2b,93.908,0.22102,105.469,123.982,idt2a,140.614,0.24355,148.533,162.311,52,availability_based,idt2a,0.903721,16.1358,0.936977,0.899019,0
44,1278,idt2b,10.153,0.13607,22.133,33.027,idt2a,51.614,0.19736,62.829,79.69,idt2b,93.908,0.22102,105.469,123.982,idt2a,140.614,0.24355,148.533,162.311,53,availability_based,idt2a,0.706359,21.662,0.779087,0.739945,0
44,1278,idt2b,10.153,0.13607,22.133,33.027,idt2a,51.614,0.19736,62.829,79.69,idt2b,93.908,0.22102,105.469,123.982,idt2a,140.614,0.24355,148.533,162.311,54,availability_based,idt2a,0.508996,27.1881,0.621197,0.580871,0
44,1278,idt2b,10.153,0.13607,22.133,33.027,idt2a,51.614,0.19736,62.829,79.69,idt2b,93.908,0.22102,105.469,123.982,idt2a,140.614,0.24355,148.533,162.311,55,availability_based,idt2a,0.311634,32.7143,0.463307,0.421797,0
44,1278,idt2b,10.153,0.13607,22.133,33.027,idt2a,51.614,0.19736,62.829,79.69,idt2b,93.908,0.22102,105.469,123.982,idt2a,140.614,0.24355,148.533,162.311,56,availability_based,idt2a,0.114271,38.2404,0.305417,0.262722,0
44,1278,idt2b,10.153,0.13607,22.133,33.027,idt2a,51.614,0.19736,62.829,79.69,idt2b,93.908,0.22102,105.469,123.982,idt2a,140.614,0.24355,148.533,162.311,57,availability_based,idt2a,0.0,43.7666,0.147527,0.149349,0
44,1278,idt2b,10.153,0.13607,22.133,33.027,idt2a,51.614,0.19736,62.829,79.69,idt2b,93.908,0.22102,105.469,123.982,idt2a,140.614,0.24355,148.533,162.311,58,availability_based,idt2b,0.55,4.0,0.72,0.6745,1
44,1278,idt2b,10.153,0.13607,22.133,33.027,idt2a,51.614,0.19736,62.829,79.69,idt2b,93.908,0.22102,105.469,123.982,idt2a,140.614,0.24355,148.533,162.311,59,availability_based,idt2b,0.55,4.0,0.72,0.6745,0
44,1278,idt2b,10.153,0.13607,22.133,33.027,idt2a,51.614,0.19736,62.829,79.69,idt2b,93.908,0.22102,105.469,123.982,idt2a,140.614,0.24355,148.533,162.311,60,availability_based,idt2b,0.55,4.0,0.72,0.6745,0
44,1278,idt2b,10.153,0.13607,22.133,33.027,idt2a,51.614,0.19736,62.829,79.69,idt2b,93.908,0.22102,105.469,123.982,idt2a,140.614,0.24355,148.533,162.311,61,availability_based,idt2b,0.55,4.0,0.72,0.6745,0
44,1278,idt2b,10.153,0.13607,22.133,33.027,idt2a,51.614,0.19736,62.829,79.69,idt2b,93.908,0.22102,105.469,123.982,idt2a,140.614,0.24355,148.533,162.311,62,availability_based,idt2b,0.55,4.0,0.72,0.6745,0
44,1278,idt2b,10.153,0.13607,22.133,33.027,idt2a,51.614,0.19736,62.829,79.69,idt2b,93.908,0.22102,105.469,123.982,idt2a,140.614,0.24355,148.533,162.311,63,availability_based,idt2b,0.55,4.0,0.72,0.6745,0
44,1278,idt2b,10.153,0.13607,22.133,33.027,idt2a,51.614,0.19736,62.829,79.69,idt2b,93.908,0.22102,105.469,123.982,idt2a,140.614,0.24355,148.533,162.311,64,availability_based,idt2b,0.55,4.0,0.72,0.6745,0
44,1278,idt2b,10.153,0.13607,22.133,33.027,idt2a,51.614,0.19736,62.829,79.69,idt2b,93.908,0.22102,105.469,123.982,idt2a,140.614,0.24355,148.533,162.311,65,availability_based,idt2b,0.55,4.0,0.72,0.6745,0
44,1278,idt2b,10.153,0.13607,22.133,33.027,idt2a,51.614,0.19736,62.829,79.69,idt2b,93.908,0.22102,105.469,123.982,idt2a,140.614,0.24355,148.533,162.311,66,availability_based,idt2b,0.55,4.0,0.72,0.6745,0
44,1278,idt2b,10.153,0.13607,22.133,33.027,idt2a,51.614,0.19736,62.829,79.69,idt2b,93.908,0.22102,105.469,123.982,idt2a,140.614,0.24355,148.533,162.311,67,availability_based,idt2b,0.55,4.0,0.72,0.6745,0
44,1278,idt2b,10.153,0.13607,22.133,33.027,idt2a,51.614,0.19736,62.829,79.69,idt2b,93.908,0.22102,105.469,123.982,idt2a,140.614,0.24355,148.533,162.311,68,availability_based,idt2b,0.55,4.0,0.72,0.6745,0
44,1278,idt2b,10.153,0.13607,22.133,33.027,idt2a,51.614,0.19736,62.829,79.69,idt2b,93.908,0.22102,105.469,123.982,idt2a,140.614,0.24355,148.533,162.311,69,availability_based,idt2b,0.55,4.0,0.72,0.6745,0
44,1278,idt2b,10.153,0.13607,22.133,33.027,idt2a,51.614,0.19736,62.829,79.69,idt2b,93.908,0.22102,105.469,123.982,idt2a,140.614,0.24355,148.533,162.311,70,availability_based,idt2b,0.55,4.0,0.72,0.6745,0
44,1278,idt2b,10.153,0.13607,22.133,33.027,idt2a,51.614,0.19736,62.829,79.69,idt2b,93.908,0.22102,105.469,123.982,idt2a,140.614,0.24355,148.533,162.311,71,availability_based,idt2b,0.55,4.0,0.72,0.6745,0
44,1278,idt2b,10.153,0.13607,22.133,33.027,idt2a,51.614,0.19736,62.829,79.69,idt2b,93.908,0.22102,105.469,123.982,idt2a,140.614,0.24355,148.533,162.311,72,availability_based,idt2b,0.55,4.0,0.72,0.6745,0
44,1278,idt2b,10.153,0.13607,22.133,33.027,idt2a,51.614,0.19736,62.829,79.69,idt2b,93.908,0.22102,105.469,123.982,idt2a,140.614,0.24355,148.533,162.311,73,availability_based,idt2b,0.55,4.0,0.72,0.6745,0
44,1278,idt2b,10.153,0.13607,22.133,33.027,idt2a,51.614,0.19736,62.829,79.69,idt2b,93.908,0.22102,105.469,123.982,idt2a,140.614,0.24355,148.533,162.311,74,availability_based,idt2b,0.55,4.0,0.72,0.6745,0
44,1278,idt2b,10.153,0.13607,22.133,33.027,idt2a,51.614,0.19736,62.829,79.69,idt2b,93.908,0.22102,105.469,123.982,idt2a,140.614,0.24355,148.533,162.311,75,availability_based,idt2b,0.55,4.0,0.72,0.6745,0
44,1278,idt2b,10.153,0.13607,22.133,33.027,idt2a,51.614,0.19736,62.829,79.69,idt2b,93.908,0.22102,105.469,123.982,idt2a,140.614,0.24355,148.533,162.311,76,availability_based,idt2b,0.55,4.0,0.72,0.6745,0
44,1278,idt2b,10.153,0.13607,22.133,33.027,idt2a,51.614,0.19736,62.829,79.69,idt2b,93.908,0.22102,105.469,123.982,idt2a,140.614,0.24355,148.533,162.311,77,availability_based,idt2b,0.55,4.0,0.72,0.6745,0
44,1278,idt2b,10.153,0.13607,22.133,33.027,idt2a,51.614,0.19736,62.829,79.69,idt2b,93.908,0.22102,105.469,123.982,idt2a,140.614,0.24355,148.533,162.311,78,availability_based,idt2b,0.55,4.0,0.72,0.6745,0
44,1278,idt2b,10.153,0.13607,22.133,33.027,idt2a,51.614,0.19736,62.829,79.69,idt2b,93.908,0.22102,105.469,123.982,idt2a,140.614,0.24355,148.533,162.311,79,availability_based,idt2b,0.55,4.0,0.72,0.6745,0
44,1278,idt2b,10.153,0.13607,22.133,33.027,idt2a,51.614,0.19736,62.829,79.69,idt2b,93.908,0.22102,105.469,123.982,idt2a,140.614,0.24355,148.533,162.311,80,availability_based,idt2b,0.55,4.0,0.72,0.6745,0
44,1278,idt2b,10.153,0.13607,22.133,33.027,idt2a,51.614,0.19736,62.829,79.69,idt2b,93.908,0.22102,105.469,123.982,idt2a,140.614,0.24355,148.533,162.311,81,availability_based,idt2b,0.55,4.0,0.72,0.6745,0
44,1278,idt2b,10.153,0.13607,22.133,33.027,idt2a,51.614,0.19736,62.829,79.69,idt2b,93.908,0.22102,105.469,123.982,idt2a,140.614,0.24355,148.533,162.311,82,availability_based,idt2b,0.55,4.0,0.72,0.6745,0
44,1278,idt2b,10.153,0.13607,22.133,33.027,idt2a,51.614,0.19736,62.829,79.69,idt2b,93.908,0.22102,105.469,123.982,idt2a,140.614,0.24355,148.533,162.311,83,availability_based,idt2b,0.55,4.0,0.72,0.6745,0
44,1278,idt2b,10.153,0.13607,22.133,33.027,idt2a,51.614,0.19736,62.829,79.69,idt2b,93.908,0.22102,105.469,123.982,idt2a,140.614,0.24355,148.533,162.311,84,availability_based,idt2b,0.55,4.0,0.72,0.6745,0
44,1278,idt2b,10.153,0.13607,22.133,33.027,idt2a,51.614,0.19736,62.829,79.69,idt2b,93.908,0.22102,105.469,123.982,idt2a,140.614,0.24355,148.533,162.311,85,availability_based,idt2b,0.55,4.0,0.72,0.6745,0
44,1278,idt2b,10.153,0.13607,22.133,33.027,idt2a,51.614,0.19736,62.829,79.69,idt2b,93.908,0.22102,105.469,123.982,idt2a,140.614,0.24355,148.533,162.311,86,availability_based,idt2b,0.55,4.0,0.72,0.6745,0
44,1278,idt2b,10.153,0.13607,22.133,33.027,idt2a,51.614,0.19736,62.829,79.69,idt2b,93.908,0.22102,105.469,123.982,idt2a,140.614,0.24355,148.533,162.311,87,availability_based,idt2b,0.55,4.0,0.72,0.6745,0
44,1278,idt2b,10.153,0.13607,22.133,33.027,idt2a,51.614,0.19736,62.829,79.69,idt2b,93.908,0.22102,105.469,123.982,idt2a,140.614,0.24355,148.533,162.311,88,availability_based,idt2b,0.55,4.0,0.72,0.6745,0
44,1278,idt2b,10.153,0.13607,22.133,33.027,idt2a,51.614,0.19736,62.829,79.69,idt2b,93.908,0.22102,105.469,123.982,idt2a,140.614,0.24355,148.533,162.311,89,availability_based,idt2b,0.55,4.0,0.72,0.6745,0
44,1278,idt2b,10.153,0.13607,22.133,33.027,idt2a,51.614,0.19736,62.829,79.69,idt2b,93.908,0.22102,105.469,123.982,idt2a,140.614,0.24355,148.533,162.311,90,availability_based,idt2b,0.55,4.0,0.72,0.6745,0
44,1278,idt2b,10.153,0.13607,22.133,33.027,idt2a,51.614,0.19736,62.829,79.69,idt2b,93.908,0.22102,105.469,123.982,idt2a,140.614,0.24355,148.533,162.311,91,availability_based,idt2b,0.55,4.0,0.72,0.6745,0
44,1278,idt2b,10.153,0.13607,22.133,33.027,idt2a,51.614,0.19736,62.829,79.69,idt2b,93.908,0.22102,105.469,123.982,idt2a,140.614,0.24355,148.533,162.311,92,availability_based,idt2b,0.55,4.0,0.72,0.6745,0
44,1278,idt2b,10.153,0.13607,22.133,33.027,idt2a,51.614,0.19736,62.829,79.69,idt2b,93.908,0.22102,105.469,123.982,idt2a,140.614,0.24355,148.533,162.311,93,availability_based,idt2b,0.55,4.0,0.72,0.6745,0
44,1278,idt2b,10.153,0.13607,22.133,33.027,idt2a,51.614,0.19736,62.829,79.69,idt2b,93.908,0.22102,105.469,123.982,idt2a,140.614,0.24355,148.533,162.311,94,availability_based,idt2b,0.529573,4.1634,0.703658,0.658853,0
44,1278,idt2b,10.153,0.13607,22.133,33.027,idt2a,51.614,0.19736,62.829,79.69,idt2b,93.908,0.22102,105.469,123.982,idt2a,140.614,0.24355,148.533,162.311,95,availability_based,idt2b,0.308548,5.9316,0.526839,0.489548,0
44,1278,idt2b,10.153,0.13607,22.133,33.027,idt2a,51.614,0.19736,62.829,79.69,idt2b,93.908,0.22102,105.469,123.982,idt2a,140.614,0.24355,148.533,162.311,96,availability_based,idt2b,0.087524,7.6998,0.350019,0.320243,0
44,1278,idt2b,10.153,0.13607,22.133,33.027,idt2a,51.614,0.19736,62.829,79.69,idt2b,93.908,0.22102,105.469,123.982,idt2a,140.614,0.24355,148.533,162.311,97,availability_based,idt2b,0.0,9.468,0.1732,0.224364,0
44,1278,idt2b,10.153,0.13607,22.133,33.027,idt2a,51.614,0.19736,62.829,79.69,idt2b,93.908,0.22102,105.469,123.982,idt2a,140.614,0.24355,148.533,162.311,98,availability_based,idt2a,0.98,14.0,0.998,0.9605,1
44,1278,idt2b,10.153,0.13607,22.133,33.027,idt2a,51.614,0.19736,62.829,79.69,idt2b,93.908,0.22102,105.469,123.982,idt2a,140.614,0.24355,148.533,162.311,99,availability_based,idt2a,0.98,14.0,0.998,0.9605,0
44,1278,idt2b,10.153,0.13607,22.133,33.027,idt2a,51.614,0.19736,62.829,79.69,idt2b,93.908,0.22102,105.469,123.982,idt2a,140.614,0.24355,148.533,162.311,100,availability_based,idt2a,0.98,14.0,0.998,0.9605,0
44,1278,idt2b,10.153,0.13607,22.133,33.027,idt2a,51.614,0.19736,62.829,79.69,idt2b,93.908,0.22102,105.469,123.982,idt2a,140.614,0.24355,148.533,162.311,101,availability_based,idt2a,0.98,14.0,0.998,0.9605,0
44,1278,idt2b,10.153,0.13607,22.133,33.027,idt2a,51.614,0.19736,62.829,79.69,idt2b,93.908,0.22102,105.469,123.982,idt2a,140.614,0.24355,148.533,162.311,102,availability_based,idt2a,0.98,14.0,0.998,0.9605,0
44,1278,idt2b,10.153,0.13607,22.133,33.027,idt2a,51.614,0.19736,62.829,79.69,idt2b,93.908,0.22102,105.469,123.982,idt2a,140.614,0.24355,148.533,162.311,103,availability_based,idt2a,0.98,14.0,0.998,0.9605,0
44,1278,idt2b,10.153,0.13607,22.133,33.027,idt2a,51.614,0.19736,62.829,79.69,idt2b,93.908,0.22102,105.469,123.982,idt2a,140.614,0.24355,148.533,162.311,104,availability_based,idt2a,0.98,14.0,0.998,0.9605,0
44,1278,idt2b,10.153,0.13607,22.133,33.027,idt2a,51.614,0.19736,62.829,79.69,idt2b,93.908,0.22102,105.469,123.982,idt2a,140.614,0.24355,148.533,162.311,105,availability_based,idt2a,0.98,14.0,0.998,0.9605,0
44,1278,idt2b,10.153,0.13607,22.133,33.027,idt2a,51.614,0.19736,62.829,79.69,idt2b,93.908,0.22102,105.469,123.982,idt2a,140.614,0.24355,148.533,162.311,106,availability_based,idt2a,0.98,14.0,0.998,0.9605,0
44,1278,idt2b,10.153,0.13607,22.133,33.027,idt2a,51.614,0.19736,62.829,79.69,idt2b,93.908,0.22102,105.469,123.982,idt2a,140.614,0.24355,148.533,162.311,107,availability_based,idt2a,0.98,14.0,0.998,0.9605,0
44,1278,idt2b,10.153,0.13607,22.133,33.027,idt2a,51.614,0.19736,62.829,79.69,idt2b,93.908,0.22102,105.469,123.982,idt2a,140.614,0.24355,148.533,162.311,108,availability_based,idt2a,0.98,14.0,0.998,0.9605,0
44,1278,idt2b,10.153,0.13607,22.133,33.027,idt2a,51.614,0.19736,62.829,79.69,idt2b,93.908,0.22102,105.469,123.982,idt2a,140.614,0.24355,148.533,162.311,109,availability_based,idt2a,0.98,14.0,0.998,0.9605,0
44,1278,idt2b,10.153,0.13607,22.133,33.027,idt2a,51.614,0.19736,62.829,79.69,idt2b,93.908,0.22102,105.469,123.982,idt2a,140.614,0.24355,148.533,162.311,110,availability_based,idt2a,0.98,14.0,0.998,0.9605,0
44,1278,idt2b,10.153,0.13607,22.133,33.027,idt2a,51.614,0.19736,62.829,79.69,idt2b,93.908,0.22102,105.469,123.982,idt2a,140.614,0.24355,148.533,162.311,111,availability_based,idt2a,0.98,14.0,0.998,0.9605,0
44,1278,idt2b,10.153,0.13607,22.133,33.027,idt2a,51.614,0.19736,62.829,79.69,idt2b,93.908,0.22102,105.469,123.982,idt2a,140.614,0.24355,148.533,162.311,112,availability_based,idt2a,0.98,14.0,0.998,0.9605,0
44,1278,idt2b,10.153,0.13607,22.133,33.027,idt2a,51.614,0.19736,62.829,79.69,idt2b,93.908,0.22102,105.469,123.982,idt2a,140.614,0.24355,148.533,162.311,113,availability_based,idt2a,0.98,14.0,0.998,0.9605,0
44,1278,idt2b,10.153,0.13607,22.133,33.027,idt2a,51.614,0.19736,62.829,79.69,idt2b,93.908,0.22102,105.469,123.982,idt2a,140.614,0.24355,148.533,162.311,114,availability_based,idt2a,0.98,14.0,0.998,0.9605,0
44,1278,idt2b,10.153,0.13607,22.133,33.027,idt2a,51.614,0.19736,62.829,79.69,idt2b,93.908,0.22102,105.469,123.982,idt2a,140.614,0.24355,148.533,162.311,115,availability_based,idt2a,0.98,14.0,0.998,0.9605,0
44,1278,idt2b,10.153,0.13607,22.133,33.027,idt2a,51.614,0.19736,62.829,79.69,idt2b,93.908,0.22102,105.469,123.982,idt2a,140.614,0.24355,148.533,162.311,116,availability_based,idt2a,0.98,14.0,0.998,0.9605,0
44,1278,idt2b,10.153,0.13607,22.133,33.027,idt2a,51.614,0.19736,62.829,79.69,idt2b,93.908,0.22102,105.469,123.982,idt2a,140.614,0.24355,148.533,162.311,117,availability_based,idt2a,0.98,14.0,0.998,0.9605,0
44,1278,idt2b,10.153,0.13607,22.133,33.027,idt2a,51.614,0.19736,62.829,79.69,idt2b,93.908,0.22102,105.469,123.982,idt2a,140.614,0.24355,148.533,162.311,118,availability_based,idt2a,0.98,14.0,0.998,0.9605,0
44,1278,idt2b,10.153,0.13607,22.133,33.027,idt2a,51.614,0.19736,62.829,79.69,idt2b,93.908,0.22102,105.469,123.982,idt2a,140.614,0.24355,148.533,162.311,119,availability_based,idt2a,0.98,14.0,0.998,0.9605,0
44,1278,idt2b,10.153,0.13607,22.133,33.027,idt2a,51.614,0.19736,62.829,79.69,idt2b,93.908,0.22102,105.469,123.982,idt2a,140.614,0.24355,148.533,162.311,120,availability_based,idt2a,0.98,14.0,0.998,0.9605,0
44,1278,idt2b,10.153,0.13607,22.133,33.027,idt2a,51.614,0.19736,62.829,79.69,idt2b,93.908,0.22102,105.469,123.982,idt2a,140.614,0.24355,148.533,162.311,121,availability_based,idt2a,0.98,14.0,0.998,0.9605,0
44,1278,idt2b,10.153,0.13607,22.133,33.027,idt2a,51.614,0.19736,62.829,79.69,idt2b,93.908,0.22102,105.469,123.982,idt2a,140.614,0.24355,148.533,162.311,122,availability_based,idt2a,0.98,14.0,0.998,0.9605,0
44,1278,idt2b,10.153,0.13607,22.133,33.027,idt2a,51.614,0.19736,62.829,79.69,idt2b,93.908,0.22102,105.469,123.982,idt2a,140.614,0.24355,148.533,162.311,123,availability_based,idt2a,0.98,14.0,0.998,0.9605,0
44,1278,idt2b,10.153,0.13607,22.133,33.027,idt2a,51.614,0.19736,62.829,79.69,idt2b,93.908,0.22102,105.469,123.982,idt2a,140.614,0.24355,148.533,162.311,124,availability_based,idt2a,0.98,14.0,0.998,0.9605,0
44,1278,idt2b,10.153,0.13607,22.133,33.027,idt2a,51.614,0.19736,62.829,79.69,idt2b,93.908,0.22102,105.469,123.982,idt2a,140.614,0.24355,148.533,162.311,125,availability_based,idt2a,0.98,14.0,0.998,0.9605,0
44,1278,idt2b,10.153,0.13607,22.133,33.027,idt2a,51.614,0.19736,62.829,79.69,idt2b,93.908,0.22102,105.469,123.982,idt2a,140.614,0.24355,148.533,162.311,126,availability_based,idt2a,0.98,14.0,0.998,0.9605,0
44,1278,idt2b,10.153,0.13607,22.133,33.027,idt2a,51.614,0.19736,62.829,79.69,idt2b,93.908,0.22102,105.469,123.982,idt2a,140.614,0.24355,148.533,162.311,127,availability_based,idt2a,0.98,14.0,0.998,0.9605,0
44,1278,idt2b,10.153,0.13607,22.133,33.027,idt2a,51.614,0.19736,62.829,79.69,idt2b,93.908,0.22102,105.469,123.982,idt2a,140.614,0.24355,148.533,162.311,128,availability_based,idt2a,0.98,14.0,0.998,0.9605,0
44,1278,idt2b,10.153,0.13607,22.133,33.027,idt2a,51.614,0.19736,62.829,79.69,idt2b,93.908,0.22102,105.469,123.982,idt2a,140.614,0.24355,148.533,162.311,129,availability_based,idt2a,0.98,14.0,0.998,0.9605,0
44,1278,idt2b,10.153,0.13607,22.133,33.027,idt2a,51.614,0.19736,62.829,79.69,idt2b,93.908,0.22102,105.469,123.982,idt2a,140.614,0.24355,148.533,162.311,130,availability_based,idt2a,0.98,14.0,0.998,0.9605,0
44,1278,idt2b,10.153,0.13607,22.133,33.027,idt2a,51.614,0.19736,62.829,79.69,idt2b,93.908,0.22102,105.469,123.982,idt2a,140.614,0.24355,148.533,162.311,131,availability_based,idt2a,0.98,14.0,0.998,0.9605,0
44,1278,idt2b,10.153,0.13607,22.133,33.027,idt2a,51.614,0.19736,62.829,79.69,idt2b,93.908,0.22102,105.469,123.982,idt2a,140.614,0.24355,148.533,162.311,132,availability_based,idt2a,0.98,14.0,0.998,0.9605,0
44,1278,idt2b,10.153,0.13607,22.133,33.027,idt2a,51.614,0.19736,62.829,79.69,idt2b,93.908,0.22102,105.469,123.982,idt2a,140.614,0.24355,148.533,162.311,133,availability_based,idt2a,0.98,14.0,0.998,0.9605,0
44,1278,idt2b,10.153,0.13607,22.133,33.027,idt2a,51.614,0.19736,62.829,79.69,idt2b,93.908,0.22102,105.469,123.982,idt2a,140.614,0.24355,148.533,162.311,134,availability_based,idt2a,0.98,14.0,0.998,0.9605,0
44,1278,idt2b,10.153,0.13607,22.133,33.027,idt2a,51.614,0.19736,62.829,79.69,idt2b,93.908,0.22102,105.469,123.982,idt2a,140.614,0.24355,148.533,162.311,135,availability_based,idt2a,0.98,14.0,0.998,0.9605,0
44,1278,idt2b,10.153,0.13607,22.133,33.027,idt2a,51.614,0.19736,62.829,79.69,idt2b,93.908,0.22102,105.469,123.982,idt2a,140.614,0.24355,148.533,162.311,136,availability_based,idt2a,0.98,14.0,0.998,0.9605,0
44,1278,idt2b,10.153,0.13607,22.133,33.027,idt2a,51.614,0.19736,62.829,79.69,idt2b,93.908,0.22102,105.469,123.982,idt2a,140.614,0.24355,148.533,162.311,137,availability_based,idt2a,0.98,14.0,0.998,0.9605,0
44,1278,idt2b,10.153,0.13607,22.133,33.027,idt2a,51.614,0.19736,62.829,79.69,idt2b,93.908,0.22102,105.469,123.982,idt2a,140.614,0.24355,148.533,162.311,138,availability_based,idt2a,0.98,14.0,0.998,0.9605,0
44,1278,idt2b,10.153,0.13607,22.133,33.027,idt2a,51.614,0.19736,62.829,79.69,idt2b,93.908,0.22102,105.469,123.982,idt2a,140.614,0.24355,148.533,162.311,139,availability_based,idt2a,0.98,14.0,0.998,0.9605,0
44,1278,idt2b,10.153,0.13607,22.133,33.027,idt2a,51.614,0.19736,62.829,79.69,idt2b,93.908,0.22102,105.469,123.982,idt2a,140.614,0.24355,148.533,162.311,140,availability_based,idt2a,0.98,14.0,0.998,0.9605,0
44,1278,idt2b,10.153,0.13607,22.133,33.027,idt2a,51.614,0.19736,62.829,79.69,idt2b,93.908,0.22102,105.469,123.982,idt2a,140.614,0.24355,148.533,162.311,141,availability_based,idt2a,0.885974,16.6327,0.92278,0.884715,0
44,1278,idt2b,10.153,0.13607,22.133,33.027,idt2a,51.614,0.19736,62.829,79.69,idt2b,93.908,0.22102,105.469,123.982,idt2a,140.614,0.24355,148.533,162.311,142,availability_based,idt2a,0.642421,23.4522,0.727937,0.688412,0
44,1278,idt2b,10.153,0.13607,22.133,33.027,idt2a,51.614,0.19736,62.829,79.69,idt2b,93.908,0.22102,105.469,123.982,idt2a,140.614,0.24355,148.533,162.311,143,availability_based,idt2a,0.398868,30.2717,0.533095,0.492108,0
44,1278,idt2b,10.153,0.13607,22.133,33.027,idt2a,51.614,0.19736,62.829,79.69,idt2b,93.908,0.22102,105.469,123.982,idt2a,140.614,0.24355,148.533,162.311,144,availability_based,idt2a,0.155315,37.0912,0.338252,0.295804,0
44,1278,idt2b,10.153,0.13607,22.133,33.027,idt2a,51.614,0.19736,62.829,79.69,idt2b,93.908,0.22102,105.469,123.982,idt2a,140.614,0.24355,148.533,162.311,145,availability_based,idt2a,0.0,43.9107,0.14341,0.148031,0
44,1278,idt2b,10.153,0.13607,22.133,33.027,idt2a,51.614,0.19736,62.829,79.69,idt2b,93.908,0.22102,105.469,123.982,idt2a,140.614,0.24355,148.533,162.311,146,availability_based,idt2b,0.55,4.0,0.72,0.6745,1
44,1278,idt2b,10.153,0.13607,22.133,33.027,idt2a,51.614,0.19736,62.829,79.69,idt2b,93.908,0.22102,105.469,123.982,idt2a,140.614,0.24355,148.533,162.311,147,availability_based,idt2b,0.55,4.0,0.72,0.6745,0
44,1278,idt2b,10.153,0.13607,22.133,33.027,idt2a,51.614,0.19736,62.829,79.69,idt2b,93.908,0.22102,105.469,123.982,idt2a,140.614,0.24355,148.533,162.311,148,availability_based,idt2b,0.55,4.0,0.72,0.6745,0
44,1278,idt2b,10.153,0.13607,22.133,33.027,idt2a,51.614,0.19736,62.829,79.69,idt2b,93.908,0.22102,105.469,123.982,idt2a,140.614,0.24355,148.533,162.311,149,availability_based,idt2b,0.55,4.0,0.72,0.6745,0
44,1278,idt2b,10.153,0.13607,22.133,33.027,idt2a,51.614,0.19736,62.829,79.69,idt2b,93.908,0.22102,105.469,123.982,idt2a,140.614,0.24355,148.533,162.311,150,availability_based,idt2b,0.55,4.0,0.72,0.6745,0
44,1278,idt2b,10.153,0.13607,22.133,33.027,idt2a,51.614,0.19736,62.829,79.69,idt2b,93.908,0.22102,105.469,123.982,idt2a,140.614,0.24355,148.533,162.311,151,availability_based,idt2b,0.55,4.0,0.72,0.6745,0
44,1278,idt2b,10.153,0.13607,22.133,33.027,idt2a,51.614,0.19736,62.829,79.69,idt2b,93.908,0.22102,105.469,123.982,idt2a,140.614,0.24355,148.533,162.311,152,availability_based,idt2b,0.55,4.0,0.72,0.6745,0
44,1278,idt2b,10.153,0.13607,22.133,33.027,idt2a,51.614,0.19736,62.829,79.69,idt2b,93.908,0.22102,105.469,123.982,idt2a,140.614,0.24355,148.533,162.311,153,availability_based,idt2b,0.55,4.0,0.72,0.6745,0
44,1278,idt2b,10.153,0.13607,22.133,33.027,idt2a,51.614,0.19736,62.829,79.69,idt2b,93.908,0.22102,105.469,123.982,idt2a,140.614,0.24355,148.533,162.311,154,availability_based,idt2b,0.55,4.0,0.72,0.6745,0
44,1278,idt2b,10.153,0.13607,22.133,33.027,idt2a,51.614,0.19736,62.829,79.69,idt2b,93.908,0.22102,105.469,123.982,idt2a,140.614,0.24355,148.533,162.311,155,availability_based,idt2b,0.55,4.0,0.72,0.6745,0
44,1278,idt2b,10.153,0.13607,22.133,33.027,idt2a,51.614,0.19736,62.829,79.69,idt2b,93.908,0.22102,105.469,123.982,idt2a,140.614,0.24355,148.533,162.311,156,availability_based,idt2b,0.55,4.0,0.72,0.6745,0
44,1278,idt2b,10.153,0.13607,22.133,33.027,idt2a,51.614,0.19736,62.829,79.69,idt2b,93.908,0.22102,105.469,123.982,idt2a,140.614,0.24355,148.533,162.311,157,availability_based,idt2b,0.55,4.0,0.72,0.6745,0
44,1278,idt2b,10.153,0.13607,22.133,33.027,idt2a,51.614,0.19736,62.829,79.69,idt2b,93.908,0.22102,105.469,123.982,idt2a,140.614,0.24355,148.533,162.311,158,availability_based,idt2b,0.55,4.0,0.72,0.6745,0
44,1278,idt2b,10.153,0.13607,22.133,33.027,idt2a,51.614,0.19736,62.829,79.69,idt2b,93.908,0.22102,105.469,123.982,idt2a,140.614,0.24355,148.533,162.311,159,availability_based,idt2b,0.55,4.0,0.72,0.6745,0
44,1278,idt2b,10.153,0.13607,22.133,33.027,idt2a,51.614,0.19736,62.829,79.69,idt2b,93.908,0.22102,105.469,123.982,idt2a,140.614,0.24355,148.533,162.311,160,availability_based,idt2b,0.55,4.0,0.72,0.6745,0
44,1278,idt2b,10.153,0.13607,22.133,33.027,idt2a,51.614,0.19736,62.829,79.69,idt2b,93.908,0.22102,105.469,123.982,idt2a,140.614,0.24355,148.533,162.311,161,availability_based,idt2b,0.55,4.0,0.72,0.6745,0
44,1278,idt2b,10.153,0.13607,22.133,33.027,idt2a,51.614,0.19736,62.829,79.69,idt2b,93.908,0.22102,105.469,123.982,idt2a,140.614,0.24355,148.533,162.311,162,availability_based,idt2b,0.55,4.0,0.72,0.6745,0
44,1278,idt2b,10.153,0.13607,22.133,33.027,idt2a,51.614,0.19736,62.829,79.69,idt2b,93.908,0.22102,105.469,123.982,idt2a,140.614,0.24355,148.533,162.311,163,availability_based,idt2b,0.55,4.0,0.72,0.6745,0
44,1278,idt2b,10.153,0.13607,22.133,33.027,idt2a,51.614,0.19736,62.829,79.69,idt2b,93.908,0.22102,105.469,123.982,idt2a,140.614,0.24355,148.533,162.311,164,availability_based,idt2b,0.55,4.0,0.72,0.6745,0
44,1278,idt2b,10.153,0.13607,22.133,33.027,idt2a,51.614,0.19736,62.829,79.69,idt2b,93.908,0.22102,105.469,123.982,idt2a,140.614,0.24355,148.533,162.311,165,availability_based,idt2b,0.55,4.0,0.72,0.6745,0
44,1278,idt2b,10.153,0.13607,22.133,33.027,idt2a,51.614,0.19736,62.829,79.69,idt2b,93.908,0.22102,105.469,123.982,idt2a,140.614,0.24355,148.533,162.311,166,availability_based,idt2b,0.55,4.0,0.72,0.6745,0
44,1278,idt2b,10.153,0.13607,22.133,33.027,idt2a,51.614,0.19736,62.829,79.69,idt2b,93.908,0.22102,105.469,123.982,idt2a,140.614,0.24355,148.533,162.311,167,availability_based,idt2b,0.55,4.0,0.72,0.6745,0
44,1278,idt2b,10.153,0.13607,22.133,33.027,idt2a,51.614,0.19736,62.829,79.69,idt2b,93.908,0.22102,105.469,123.982,idt2a,140.614,0.24355,148.533,162.311,168,availability_based,idt2b,0.55,4.0,0.72,0.6745,0
44,1278,idt2b,10.153,0.13607,22.133,33.027,idt2a,51.614,0.19736,62.829,79.69,idt2b,93.908,0.22102,105.469,123.982,idt2a,140.614,0.24355,148.533,162.311,169,availability_based,idt2b,0.55,4.0,0.72,0.6745,0
44,1278,idt2b,10.153,0.13607,22.133,33.027,idt2a,51.614,0.19736,62.829,79.69,idt2b,93.908,0.22102,105.469,123.982,idt2a,140.614,0.24355,148.533,162.311,170,availability_based,idt2b,0.55,4.0,0.72,0.6745,0
44,1278,idt2b,10.153,0.13607,22.133,33.027,idt2a,51.614,0.19736,62.829,79.69,idt2b,93.908,0.22102,105.469,123.982,idt2a,140.614,0.24355,148.533,162.311,171,availability_based,idt2b,0.55,4.0,0.72,0.6745,0
44,1278,idt2b,10.153,0.13607,22.133,33.027,idt2a,51.614,0.19736,62.829,79.69,idt2b,93.908,0.22102,105.469,123.982,idt2a,140.614,0.24355,148.533,162.311,172,availability_based,idt2b,0.55,4.0,0.72,0.6745,0
44,1278,idt2b,10.153,0.13607,22.133,33.027,idt2a,51.614,0.19736,62.829,79.69,idt2b,93.908,0.22102,105.469,123.982,idt2a,140.614,0.24355,148.533,162.311,173,availability_based,idt2b,0.55,4.0,0.72,0.6745,0
44,1278,idt2b,10.153,0.13607,22.133,33.027,idt2a,51.614,0.19736,62.829,79.69,idt2b,93.908,0.22102,105.469,123.982,idt2a,140.614,0.24355,148.533,162.311,174,availability_based,idt2b,0.55,4.0,0.72,0.6745,0
44,1278,idt2b,10.153,0.13607,22.133,33.027,idt2a,51.614,0.19736,62.829,79.69,idt2b,93.908,0.22102,105.469,123.982,idt2a,140.614,0.24355,148.533,162.311,175,availability_based,idt2b,0.55,4.0,0.72,0.6745,0
44,1278,idt2b,10.153,0.13607,22.133,33.027,idt2a,51.614,0.19736,62.829,79.69,idt2b,93.908,0.22102,105.469,123.982,idt2a,140.614,0.24355,148.533,162.311,176,availability_based,idt2b,0.55,4.0,0.72,0.6745,0
44,1278,idt2b,10.153,0.13607,22.133,33.027,idt2a,51.614,0.19736,62.829,79.69,idt2b,93.908,0.22102,105.469,123.982,idt2a,140.614,0.24355,148.533,162.311,177,availability_based,idt2b,0.55,4.0,0.72,0.6745,0
44,1278,idt2b,10.153,0.13607,22.133,33.027,idt2a,51.614,0.19736,62.829,79.69,idt2b,93.908,0.22102,105.469,123.982,idt2a,140.614,0.24355,148.533,162.311,178,availability_based,idt2b,0.55,4.0,0.72,0.6745,0
44,1278,idt2b,10.153,0.13607,22.133,33.027,idt2a,51.614,0.19736,62.829,79.69,idt2b,93.908,0.22102,105.469,123.982,idt2a,140.614,0.24355,148.533,162.311,179,availability_based,idt2b,0.55,4.0,0.72,0.6745,0
44,1278,idt2b,10.153,0.13607,22.133,33.027,idt2a,51.614,0.19736,62.829,79.69,idt2b,93.908,0.22102,105.469,123.982,idt2a,140.614,0.24355,148.533,162.311,180,availability_based,idt2b,0.55,4.0,0.72,0.6745,0
44,1278,idt2b,10.153,0.13607,22.133,33.027,idt2a,51.614,0.19736,62.829,79.69,idt2b,93.908,0.22102,105.469,123.982,idt2a,140.614,0.24355,148.533,162.311,181,availability_based,idt2b,0.55,4.0,0.72,0.6745,0
44,1278,idt2b,10.153,0.13607,22.133,33.027,idt2a,51.614,0.19736,62.829,79.69,idt2b,93.908,0.22102,105.469,123.982,idt2a,140.614,0.24355,148.533,162.311,182,availability_based,idt2b,0.55,4.0,0.72,0.6745,0
44,1278,idt2b,10.153,0.13607,22.133,33.027,idt2a,51.614,0.19736,62.829,79.69,idt2b,93.908,0.22102,105.469,123.982,idt2a,140.614,0.24355,148.533,162.311,183,availability_based,idt2b,0.55,4.0,0.72,0.6745,0
44,1278,idt2b,10.153,0.13607,22.133,33.027,idt2a,51.614,0.19736,62.829,79.69,idt2b,93.908,0.22102,105.469,123.982,idt2a,140.614,0.24355,148.533,162.311,184,availability_based,idt2b,0.55,4.0,0.72,0.6745,0
44,1278,idt2b,10.153,0.13607,22.133,33.027,idt2a,51.614,0.19736,62.829,79.69,idt2b,93.908,0.22102,105.469,123.982,idt2a,140.614,0.24355,148.533,162.311,185,availability_based,idt2b,0.55,4.0,0.72,0.6745,0
44,1278,idt2b,10.153,0.13607,22.133,33.027,idt2a,51.614,0.19736,62.829,79.69,idt2b,93.908,0.22102,105.469,123.982,idt2a,140.614,0.24355,148.533,162.311,186,availability_based,idt2b,0.55,4.0,0.72,0.6745,0
44,1278,idt2b,10.153,0.13607,22.133,33.027,idt2a,51.614,0.19736,62.829,79.69,idt2b,93.908,0.22102,105.469,123.982,idt2a,140.614,0.24355,148.533,162.311,187,availability_based,idt2b,0.55,4.0,0.72,0.6745,0
44,1278,idt2b,10.153,0.13607,22.133,33.027,idt2a,51.614,0.19736,62.829,79.69,idt2b,93.908,0.22102,105.469,123.982,idt2a,140.614,0.24355,148.533,162.311,188,availability_based,idt2b,0.55,4.0,0.72,0.6745,0
44,1278,idt2b,10.153,0.13607,22.133,33.027,idt2a,51.614,0.19736,62.829,79.69,idt2b,93.908,0.22102,105.469,123.982,idt2a,140.614,0.24355,148.533,162.311,189,availability_based,idt2b,0.55,4.0,0.72,0.6745,0
44,1278,idt2b,10.153,0.13607,22.133,33.027,idt2a,51.614,0.19736,62.829,79.69,idt2b,93.908,0.22102,105.469,123.982,idt2a,140.614,0.24355,148.533,162.311,190,availability_based,idt2b,0.55,4.0,0.72,0.6745,0
44,1278,idt2b,10.153,0.13607,22.133,33.027,idt2a,51.614,0.19736,62.829,79.69,idt2b,93.908,0.22102,105.469,123.982,idt2a,140.614,0.24355,148.533,162.311,191,availability_based,idt2b,0.55,4.0,0.72,0.6745,0
44,1278,idt2b,10.153,0.13607,22.133,33.027,idt2a,51.614,0.19736,62.829,79.69,idt2b,93.908,0.22102,105.469,123.982,idt2a,140.614,0.24355,148.533,162.311,192,availability_based,idt2b,0.55,4.0,0.72,0.6745,0
44,1278,idt2b,10.153,0.13607,22.133,33.027,idt2a,51.614,0.19736,62.829,79.69,idt2b,93.908,0.22102,105.469,123.982,idt2a,140.614,0.24355,148.533,162.311,193,availability_based,idt2b,0.55,4.0,0.72,0.6745,0
44,1278,idt2b,10.153,0.13607,22.133,33.027,idt2a,51.614,0.19736,62.829,79.69,idt2b,93.908,0.22102,105.469,123.982,idt2a,140.614,0.24355,148.533,162.311,194,availability_based,idt2b,0.55,4.0,0.72,0.6745,0
44,1278,idt2b,10.153,0.13607,22.133,33.027,idt2a,51.614,0.19736,62.829,79.69,idt2b,93.908,0.22102,105.469,123.982,idt2a,140.614,0.24355,148.533,162.311,195,availability_based,idt2b,0.55,4.0,0.72,0.6745,0
44,1278,idt2b,10.153,0.13607,22.133,33.027,idt2a,51.614,0.19736,62.829,79.69,idt2b,93.908,0.22102,105.469,123.982,idt2a,140.614,0.24355,148.533,162.311,196,availability_based,idt2b,0.55,4.0,0.72,0.6745,0
44,1278,idt2b,10.153,0.13607,22.133,33.027,idt2a,51.614,0.19736,62.829,79.69,idt2b,93.908,0.22102,105.469,123.982,idt2a,140.614,0.24355,148.533,162.311,197,availability_based,idt2b,0.55,4.0,0.72,0.6745,0
44,1278,idt2b,10.153,0.13607,22.133,33.027,idt2a,51.614,0.19736,62.829,79.69,idt2b,93.908,0.22102,105.469,123.982,idt2a,140.614,0.24355,148.533,162.311,198,availability_based,idt2b,0.55,4.0,0.72,0.6745,0
44,1278,idt2b,10.153,0.13607,22.133,33.027,idt2a,51.614,0.19736,62.829,79.69,idt2b,93.908,0.22102,105.469,123.982,idt2a,140.614,0.24355,148.533,162.311,199,availability_based,idt2b,0.55,4.0,0.72,0.6745,0
44,1278,idt2b,10.153,0.13607,22.133,33.027,idt2a,51.614,0.19736,62.829,79.69,idt2b,93.908,0.22102,105.469,123.982,idt2a,140.614,0.24355,148.533,162.311,200,availability_based,idt2b,0.55,4.0,0.72,0.6745,0
44,1278,idt2b,10.153,0.13607,22.133,33.027,idt2a,51.614,0.19736,62.829,79.69,idt2b,93.908,0.22102,105.469,123.982,idt2a,140.614,0.24355,148.533,162.311,201,availability_based,idt2b,0.55,4.0,0.72,0.6745,0
44,1278,idt2b,10.153,0.13607,22.133,33.027,idt2a,51.614,0.19736,62.829,79.69,idt2b,93.908,0.22102,105.469,123.982,idt2a,140.614,0.24355,148.533,162.311,202,availability_based,idt2b,0.55,4.0,0.72,0.6745,0
44,1278,idt2b,10.153,0.13607,22.133,33.027,idt2a,51.614,0.19736,62.829,79.69,idt2b,93.908,0.22102,105.469,123.982,idt2a,140.614,0.24355,148.533,162.311,203,availability_based,idt2b,0.55,4.0,0.72,0.6745,0
44,1278,idt2b,10.153,0.13607,22.133,33.027,idt2a,51.614,0.19736,62.829,79.69,idt2b,93.908,0.22102,105.469,123.982,idt2a,140.614,0.24355,148.533,162.311,204,availability_based,idt2b,0.55,4.0,0.72,0.6745,0
44,1278,idt2b,10.153,0.13607,22.133,33.027,idt2a,51.614,0.19736,62.829,79.69,idt2b,93.908,0.22102,105.469,123.982,idt2a,140.614,0.24355,148.533,162.311,205,availability_based,idt2b,0.55,4.0,0.72,0.6745,0
44,1278,idt2b,10.153,0.13607,22.133,33.027,idt2a,51.614,0.19736,62.829,79.69,idt2b,93.908,0.22102,105.469,123.982,idt2a,140.614,0.24355,148.533,162.311,206,availability_based,idt2b,0.55,4.0,0.72,0.6745,0
44,1278,idt2b,10.153,0.13607,22.133,33.027,idt2a,51.614,0.19736,62.829,79.69,idt2b,93.908,0.22102,105.469,123.982,idt2a,140.614,0.24355,148.533,162.311,207,availability_based,idt2b,0.55,4.0,0.72,0.6745,0
44,1278,idt2b,10.153,0.13607,22.133,33.027,idt2a,51.614,0.19736,62.829,79.69,idt2b,93.908,0.22102,105.469,123.982,idt2a,140.614,0.24355,148.533,162.311,208,availability_based,idt2b,0.55,4.0,0.72,0.6745,0
44,1278,idt2b,10.153,0.13607,22.133,33.027,idt2a,51.614,0.19736,62.829,79.69,idt2b,93.908,0.22102,105.469,123.982,idt2a,140.614,0.24355,148.533,162.311,209,availability_based,idt2b,0.55,4.0,0.72,0.6745,0
44,1278,idt2b,10.153,0.13607,22.133,33.027,idt2a,51.614,0.19736,62.829,79.69,idt2b,93.908,0.22102,105.469,123.982,idt2a,140.614,0.24355,148.533,162.311,210,availability_based,idt2b,0.55,4.0,0.72,0.6745,0
44,1278,idt2b,10.153,0.13607,22.133,33.027,idt2a,51.614,0.19736,62.829,79.69,idt2b,93.908,0.22102,105.469,123.982,idt2a,140.614,0.24355,148.533,162.311,211,availability_based,idt2b,0.55,4.0,0.72,0.6745,0
44,1278,idt2b,10.153,0.13607,22.133,33.027,idt2a,51.614,0.19736,62.829,79.69,idt2b,93.908,0.22102,105.469,123.982,idt2a,140.614,0.24355,148.533,162.311,212,availability_based,idt2b,0.55,4.0,0.72,0.6745,0
44,1278,idt2b,10.153,0.13607,22.133,33.027,idt2a,51.614,0.19736,62.829,79.69,idt2b,93.908,0.22102,105.469,123.982,idt2a,140.614,0.24355,148.533,162.311,213,availability_based,idt2b,0.55,4.0,0.72,0.6745,0
44,1278,idt2b,10.153,0.13607,22.133,33.027,idt2a,51.614,0.19736,62.829,79.69,idt2b,93.908,0.22102,105.469,123.982,idt2a,140.614,0.24355,148.533,162.311,214,availability_based,idt2b,0.55,4.0,0.72,0.6745,0
44,1278,idt2b,10.153,0.13607,22.133,33.027,idt2a,51.614,0.19736,62.829,79.69,idt2b,93.908,0.22102,105.469,123.982,idt2a,140.614,0.24355,148.533,162.311,215,availability_based,idt2b,0.55,4.0,0.72,0.6745,0
44,1278,idt2b,10.153,0.13607,22.133,33.027,idt2a,51.614,0.19736,62.829,79.69,idt2b,93.908,0.22102,105.469,123.982,idt2a,140.614,0.24355,148.533,162.311,216,availability_based,idt2b,0.55,4.0,0.72,0.6745,0
44,1278,idt2b,10.153,0.13607,22.133,33.027,idt2a,51.614,0.19736,62.829,79.69,idt2b,93.908,0.22102,105.469,123.982,idt2a,140.614,0.24355,148.533,162.311,217,availability_based,idt2b,0.55,4.0,0.72,0.6745,0
44,1278,idt2b,10.153,0.13607,22.133,33.027,idt2a,51.614,0.19736,62.829,79.69,idt2b,93.908,0.22102,105.469,123.982,idt2a,140.614,0.24355,148.533,162.311,218,availability_based,idt2b,0.55,4.0,0.72,0.6745,0
44,1278,idt2b,10.153,0.13607,22.133,33.027,idt2a,51.614,0.19736,62.829,79.69,idt2b,93.908,0.22102,105.469,123.982,idt2a,140.614,0.24355,148.533,162.311,219,availability_based,idt2b,0.55,4.0,0.72,0.6745,0
44,1278,idt2b,10.153,0.13607,22.133,33.027,idt2a,51.614,0.19736,62.829,79.69,idt2b,93.908,0.22102,105.469,123.982,idt2a,140.614,0.24355,148.533,162.311,220,availability_based,idt2b,0.55,4.0,0.72,0.6745,0
44,1278,idt2b,10.153,0.13607,22.133,33.027,idt2a,51.614,0.19736,62.829,79.69,idt2b,93.908,0.22102,105.469,123.982,idt2a,140.614,0.24355,148.533,162.311,221,availability_based,idt2b,0.55,4.0,0.72,0.6745,0
44,1278,idt2b,10.153,0.13607,22.133,33.027,idt2a,51.614,0.19736,62.829,79.69,idt2b,93.908,0.22102,105.469,123.982,idt2a,140.614,0.24355,148.533,162.311,222,availability_based,idt2b,0.55,4.0,0.72,0.6745,0
44,1278,idt2b,10.153,0.13607,22.133,33.027,idt2a,51.614,0.19736,62.829,79.69,idt2b,93.908,0.22102,105.469,123.982,idt2a,140.614,0.24355,148.533,162.311,223,availability_based,idt2b,0.55,4.0,0.72,0.6745,0
44,1278,idt2b,10.153,0.13607,22.133,33.027,idt2a,51.614,0.19736,62.829,79.69,idt2b,93.908,0.22102,105.469,123.982,idt2a,140.614,0.24355,148.533,162.311,224,availability_based,idt2b,0.55,4.0,0.72,0.6745,0
44,1278,idt2b,10.153,0.13607,22.133,33.027,idt2a,51.614,0.19736,62.829,79.69,idt2b,93.908,0.22102,105.469,123.982,idt2a,140.614,0.24355,148.533,162.311,225,availability_based,idt2b,0.55,4.0,0.72,0.6745,0
44,1278,idt2b,10.153,0.13607,22.133,33.027,idt2a,51.614,0.19736,62.829,79.69,idt2b,93.908,0.22102,105.469,123.982,idt2a,140.614,0.24355,148.533,162.311,226,availability_based,idt2b,0.55,4.0,0.72,0.6745,0
44,1278,idt2b,10.153,0.13607,22.133,33.027,idt2a,51.614,0.19736,62.829,79.69,idt2b,93.908,0.22102,105.469,123.982,idt2a,140.614,0.24355,148.533,162.311,227,availability_based,idt2b,0.55,4.0,0.72,0.6745,0
44,1278,idt2b,10.153,0.13607,22.133,33.027,idt2a,51.614,0.19736,62.829,79.69,idt2b,93.908,0.22102,105.469,123.982,idt2a,140.614,0.24355,148.533,162.311,228,availability_based,idt2b,0.55,4.0,0.72,0.6745,0
44,1278,idt2b,10.153,0.13607,22.133,33.027,idt2a,51.614,0.19736,62.829,79.69,idt2b,93.908,0.22102,105.469,123.982,idt2a,140.614,0.24355,148.533,162.311,229,availability_based,idt2b,0.55,4.0,0.72,0.6745,0
44,1278,idt2b,10.153,0.13607,22.133,33.027,idt2a,51.614,0.19736,62.829,79.69,idt2b,93.908,0.22102,105.469,123.982,idt2a,140.614,0.24355,148.533,162.311,230,availability_based,idt2b,0.55,4.0,0.72,0.6745,0
44,1278,idt2b,10.153,0.13607,22.133,33.027,idt2a,51.614,0.19736,62.829,79.69,idt2b,93.908,0.22102,105.469,123.982,idt2a,140.614,0.24355,148.533,162.311,231,availability_based,idt2b,0.55,4.0,0.72,0.6745,0
44,1278,idt2b,10.153,0.13607,22.133,33.027,idt2a,51.614,0.19736,62.829,79.69,idt2b,93.908,0.22102,105.469,123.982,idt2a,140.614,0.24355,148.533,162.311,232,availability_based,idt2b,0.55,4.0,0.72,0.6745,0
44,1278,idt2b,10.153,0.13607,22.133,33.027,idt2a,51.614,0.19736,62.829,79.69,idt2b,93.908,0.22102,105.469,123.982,idt2a,140.614,0.24355,148.533,162.311,233,availability_based,idt2b,0.55,4.0,0.72,0.6745,0
44,1278,idt2b,10.153,0.13607,22.133,33.027,idt2a,51.614,0.19736,62.829,79.69,idt2b,93.908,0.22102,105.469,123.982,idt2a,140.614,0.24355,148.533,162.311,234,availability_based,idt2b,0.55,4.0,0.72,0.6745,0
44,1278,idt2b,10.153,0.13607,22.133,33.027,idt2a,51.614,0.19736,62.829,79.69,idt2b,93.908,0.22102,105.469,123.982,idt2a,140.614,0.24355,148.533,162.311,235,availability_based,idt2b,0.55,4.0,0.72,0.6745,0
44,1278,idt2b,10.153,0.13607,22.133,33.027,idt2a,51.614,0.19736,62.829,79.69,idt2b,93.908,0.22102,105.469,123.982,idt2a,140.614,0.24355,148.533,162.311,236,availability_based,idt2b,0.55,4.0,0.72,0.6745,0
44,1278,idt2b,10.153,0.13607,22.133,33.027,idt2a,51.614,0.19736,62.829,79.69,idt2b,93.908,0.22102,105.469,123.982,idt2a,140.614,0.24355,148.533,162.311,237,availability_based,idt2b,0.55,4.0,0.72,0.6745,0
44,1278,idt2b,10.153,0.13607,22.133,33.027,idt2a,51.614,0.19736,62.829,79.69,idt2b,93.908,0.22102,105.469,123.982,idt2a,140.614,0.24355,148.533,162.311,238,availability_based,idt2b,0.55,4.0,0.72,0.6745,0
44,1278,idt2b,10.153,0.13607,22.133,33.027,idt2a,51.614,0.19736,62.829,79.69,idt2b,93.908,0.22102,105.469,123.982,idt2a,140.614,0.24355,148.533,162.311,239,availability_based,idt2b,0.55,4.0,0.72,0.6745,0
44,1278,idt2b,10.153,0.13607,22.133,33.027,idt2a,51.614,0.19736,62.829,79.69,idt2b,93.908,0.22102,105.469,123.982,idt2a,140.614,0.24355,148.533,162.311,240,availability_based,idt2b,0.55,4.0,0.72,0.6745,0
44,1278,idt2b,10.153,0.13607,22.133,33.027,idt2a,51.614,0.19736,62.829,79.69,idt2b,93.908,0.22102,105.469,123.982,idt2a,140.614,0.24355,148.533,162.311,241,availability_based,idt2b,0.55,4.0,0.72,0.6745,0
44,1278,idt2b,10.153,0.13607,22.133,33.027,idt2a,51.614,0.19736,62.829,79.69,idt2b,93.908,0.22102,105.469,123.982,idt2a,140.614,0.24355,148.533,162.311,242,availability_based,idt2b,0.55,4.0,0.72,0.6745,0
44,1278,idt2b,10.153,0.13607,22.133,33.027,idt2a,51.614,0.19736,62.829,79.69,idt2b,93.908,0.22102,105.469,123.982,idt2a,140.614,0.24355,148.533,162.311,243,availability_based,idt2b,0.55,4.0,0.72,0.6745,0
44,1278,idt2b,10.153,0.13607,22.133,33.027,idt2a,51.614,0.19736,62.829,79.69,idt2b,93.908,0.22102,105.469,123.982,idt2a,140.614,0.24355,148.533,162.311,244,availability_based,idt2b,0.55,4.0,0.72,0.6745,0
44,1278,idt2b,10.153,0.13607,22.133,33.027,idt2a,51.614,0.19736,62.829,79.69,idt2b,93.908,0.22102,105.469,123.982,idt2a,140.614,0.24355,148.533,162.311,245,availability_based,idt2b,0.55,4.0,0.72,0.6745,0
44,1278,idt2b,10.153,0.13607,22.133,33.027,idt2a,51.614,0.19736,62.829,79.69,idt2b,93.908,0.22102,105.469,123.982,idt2a,140.614,0.24355,148.533,162.311,246,availability_based,idt2b,0.55,4.0,0.72,0.6745,0
44,1278,idt2b,10.153,0.13607,22.133,33.027,idt2a,51.614,0.19736,62.829,79.69,idt2b,93.908,0.22102,105.469,123.982,idt2a,140.614,0.24355,148.533,162.311,247,availability_based,idt2b,0.55,4.0,0.72,0.6745,0
44,1278,idt2b,10.153,0.13607,22.133,33.027,idt2a,51.614,0.19736,62.829,79.69,idt2b,93.908,0.22102,105.469,123.982,idt2a,140.614,0.24355,148.533,162.311,248,availability_based,idt2b,0.55,4.0,0.72,0.6745,0
44,1278,idt2b,10.153,0.13607,22.133,33.027,idt2a,51.614,0.19736,62.829,79.69,idt2b,93.908,0.22102,105.469,123.982,idt2a,140.614,0.24355,148.533,162.311,249,availability_based,idt2b,0.55,4.0,0.72,0.6745,0
44,1278,idt2b,10.153,0.13607,22.133,33.027,idt2a,51.614,0.19736,62.829,79.69,idt2b,93.908,0.22102,105.469,123.982,idt2a,140.614,0.24355,148.533,162.311,250,availability_based,idt2b,0.55,4.0,0.72,0.6745,0
44,1278,idt2b,10.153,0.13607,22.133,33.027,idt2a,51.614,0.19736,62.829,79.69,idt2b,93.908,0.22102,105.469,123.982,idt2a,140.614,0.24355,148.533,162.311,251,availability_based,idt2b,0.55,4.0,0.72,0.6745,0
44,1278,idt2b,10.153,0.13607,22.133,33.027,idt2a,51.614,0.19736,62.829,79.69,idt2b,93.908,0.22102,105.469,123.982,idt2a,140.614,0.24355,148.533,162.311,252,availability_based,idt2b,0.55,4.0,0.72,0.6745,0
44,1278,idt2b,10.153,0.13607,22.133,33.027,idt2a,51.614,0.19736,62.829,79.69,idt2b,93.908,0.22102,105.469,123.982,idt2a,140.614,0.24355,148.533,162.311,253,availability_based,idt2b,0.55,4.0,0.72,0.6745,0
44,1278,idt2b,10.153,0.13607,22.133,33.027,idt2a,51.614,0.19736,62.829,79.69,idt2b,93.908,0.22102,105.469,123.982,idt2a,140.614,0.24355,148.533,162.311,254,availability_based,idt2b,0.55,4.0,0.72,0.6745,0
44,1278,idt2b,10.153,0.13607,22.133,33.027,idt2a,51.614,0.19736,62.829,79.69,idt2b,93.908,0.22102,105.469,123.982,idt2a,140.614,0.24355,148.533,162.311,255,availability_based,idt2b,0.55,4.0,0.72,0.6745,0
44,1278,idt2b,10.153,0.13607,22.133,33.027,idt2a,51.614,0.19736,62.829,79.69,idt2b,93.908,0.22102,105.469,123.982,idt2a,140.614,0.24355,148.533,162.311,256,availability_based,idt2b,0.55,4.0,0.72,0.6745,0
44,1278,idt2b,10.153,0.13607,22.133,33.027,idt2a,51.614,0.19736,62.829,79.69,idt2b,93.908,0.22102,105.469,123.982,idt2a,140.614,0.24355,148.533,162.311,257,availability_based,idt2b,0.55,4.0,0.72,0.6745,0
44,1278,idt2b,10.153,0.13607,22.133,33.027,idt2a,51.614,0.19736,62.829,79.69,idt2b,93.908,0.22102,105.469,123.982,idt2a,140.614,0.24355,148.533,162.311,258,availability_based,idt2b,0.55,4.0,0.72,0.6745,0
44,1278,idt2b,10.153,0.13607,22.133,33.027,idt2a,51.614,0.19736,62.829,79.69,idt2b,93.908,0.22102,105.469,123.982,idt2a,140.614,0.24355,148.533,162.311,259,availability_based,idt2b,0.55,4.0,0.72,0.6745,0
44,1278,idt2b,10.153,0.13607,22.133,33.027,idt2a,51.614,0.19736,62.829,79.69,idt2b,93.908,0.22102,105.469,123.982,idt2a,140.614,0.24355,148.533,162.311,260,availability_based,idt2b,0.55,4.0,0.72,0.6745,0
44,1278,idt2b,10.153,0.13607,22.133,33.027,idt2a,51.614,0.19736,62.829,79.69,idt2b,93.908,0.22102,105.469,123.982,idt2a,140.614,0.24355,148.533,162.311,261,availability_based,idt2b,0.55,4.0,0.72,0.6745,0
44,1278,idt2b,10.153,0.13607,22.133,33.027,idt2a,51.614,0.19736,62.829,79.69,idt2b,93.908,0.22102,105.469,123.982,idt2a,140.614,0.24355,148.533,162.311,262,availability_based,idt2b,0.55,4.0,0.72,0.6745,0
44,1278,idt2b,10.153,0.13607,22.133,33.027,idt2a,51.614,0.19736,62.829,79.69,idt2b,93.908,0.22102,105.469,123.982,idt2a,140.614,0.24355,148.533,162.311,263,availability_based,idt2b,0.55,4.0,0.72,0.6745,0
44,1278,idt2b,10.153,0.13607,22.133,33.027,idt2a,51.614,0.19736,62.829,79.69,idt2b,93.908,0.22102,105.469,123.982,idt2a,140.614,0.24355,148.533,162.311,264,availability_based,idt2b,0.55,4.0,0.72,0.6745,0
44,1278,idt2b,10.153,0.13607,22.133,33.027,idt2a,51.614,0.19736,62.829,79.69,idt2b,93.908,0.22102,105.469,123.982,idt2a,140.614,0.24355,148.533,162.311,265,availability_based,idt2b,0.55,4.0,0.72,0.6745,0
44,1278,idt2b,10.153,0.13607,22.133,33.027,idt2a,51.614,0.19736,62.829,79.69,idt2b,93.908,0.22102,105.469,123.982,idt2a,140.614,0.24355,148.533,162.311,266,availability_based,idt2b,0.55,4.0,0.72,0.6745,0
44,1278,idt2b,10.153,0.13607,22.133,33.027,idt2a,51.614,0.19736,62.829,79.69,idt2b,93.908,0.22102,105.469,123.982,idt2a,140.614,0.24355,148.533,162.311,267,availability_based,idt2b,0.55,4.0,0.72,0.6745,0
44,1278,idt2b,10.153,0.13607,22.133,33.027,idt2a,51.614,0.19736,62.829,79.69,idt2b,93.908,0.22102,105.469,123.982,idt2a,140.614,0.24355,148.533,162.311,268,availability_based,idt2b,0.55,4.0,0.72,0.6745,0
44,1278,idt2b,10.153,0.13607,22.133,33.027,idt2a,51.614,0.19736,62.829,79.69,idt2b,93.908,0.22102,105.469,123.982,idt2a,140.614,0.24355,148.533,162.311,269,availability_based,idt2b,0.55,4.0,0.72,0.6745,0
44,1278,idt2b,10.153,0.13607,22.133,33.027,idt2a,51.614,0.19736,62.829,79.69,idt2b,93.908,0.22102,105.469,123.982,idt2a,140.614,0.24355,148.533,162.311,270,availability_based,idt2b,0.55,4.0,0.72,0.6745,0
44,1278,idt2b,10.153,0.13607,22.133,33.027,idt2a,51.614,0.19736,62.829,79.69,idt2b,93.908,0.22102,105.469,123.982,idt2a,140.614,0.24355,148.533,162.311,271,availability_based,idt2b,0.55,4.0,0.72,0.6745,0
44,1278,idt2b,10.153,0.13607,22.133,33.027,idt2a,51.614,0.19736,62.829,79.69,idt2b,93.908,0.22102,105.469,123.982,idt2a,140.614,0.24355,148.533,162.311,272,availability_based,idt2b,0.55,4.0,0.72,0.6745,0
44,1278,idt2b,10.153,0.13607,22.133,33.027,idt2a,51.614,0.19736,62.829,79.69,idt2b,93.908,0.22102,105.469,123.982,idt2a,140.614,0.24355,148.533,162.311,273,availability_based,idt2b,0.55,4.0,0.72,0.6745,0
44,1278,idt2b,10.153,0.13607,22.133,33.027,idt2a,51.614,0.19736,62.829,79.69,idt2b,93.908,0.22102,105.469,123.982,idt2a,140.614,0.24355,148.533,162.311,274,availability_based,idt2b,0.55,4.0,0.72,0.6745,0
44,1278,idt2b,10.153,0.13607,22.133,33.027,idt2a,51.614,0.19736,62.829,79.69,idt2b,93.908,0.22102,105.469,123.982,idt2a,140.614,0.24355,148.533,162.311,275,availability_based,idt2b,0.55,4.0,0.72,0.6745,0
44,1278,idt2b,10.153,0.13607,22.133,33.027,idt2a,51.614,0.19736,62.829,79.69,idt2b,93.908,0.22102,105.469,123.982,idt2a,140.614,0.24355,148.533,162.311,276,availability_based,idt2b,0.55,4.0,0.72,0.6745,0
44,1278,idt2b,10.153,0.13607,22.133,33.027,idt2a,51.614,0.19736,62.829,79.69,idt2b,93.908,0.22102,105.469,123.982,idt2a,140.614,0.24355,148.533,162.311,277,availability_based,idt2b,0.55,4.0,0.72,0.6745,0
44,1278,idt2b,10.153,0.13607,22.133,33.027,idt2a,51.614,0.19736,62.829,79.69,idt2b,93.908,0.22102,105.469,123.982,idt2a,140.614,0.24355,148.533,162.311,278,availability_based,idt2b,0.55,4.0,0.72,0.6745,0
44,1278,idt2b,10.153,0.13607,22.133,33.027,idt2a,51.614,0.19736,62.829,79.69,idt2b,93.908,0.22102,105.469,123.982,idt2a,140.614,0.24355,148.533,162.311,279,availability_based,idt2b,0.55,4.0,0.72,0.6745,0
44,1278,idt2b,10.153,0.13607,22.133,33.027,idt2a,51.614,0.19736,62.829,79.69,idt2b,93.908,0.22102,105.469,123.982,idt2a,140.614,0.24355,148.533,162.311,280,availability_based,idt2b,0.55,4.0,0.72,0.6745,0
44,1278,idt2b,10.153,0.13607,22.133,33.027,idt2a,51.614,0.19736,62.829,79.69,idt2b,93.908,0.22102,105.469,123.982,idt2a,140.614,0.24355,148.533,162.311,281,availability_based,idt2b,0.55,4.0,0.72,0.6745,0
44,1278,idt2b,10.153,0.13607,22.133,33.027,idt2a,51.614,0.19736,62.829,79.69,idt2b,93.908,0.22102,105.469,123.982,idt2a,140.614,0.24355,148.533,162.311,282,availability_based,idt2b,0.55,4.0,0.72,0.6745,0
44,1278,idt2b,10.153,0.13607,22.133,33.027,idt2a,51.614,0.19736,62.829,79.69,idt2b,93.908,0.22102,105.469,123.982,idt2a,140.614,0.24355,148.533,162.311,283,availability_based,idt2b,0.55,4.0,0.72,0.6745,0
44,1278,idt2b,10.153,0.13607,22.133,33.027,idt2a,51.614,0.19736,62.829,79.69,idt2b,93.908,0.22102,105.469,123.982,idt2a,140.614,0.24355,148.533,162.311,284,availability_based,idt2b,0.55,4.0,0.72,0.6745,0
44,1278,idt2b,10.153,0.13607,22.133,33.027,idt2a,51.614,0.19736,62.829,79.69,idt2b,93.908,0.22102,105.469,123.982,idt2a,140.614,0.24355,148.533,162.311,285,availability_based,idt2b,0.55,4.0,0.72,0.6745,0
44,1278,idt2b,10.153,0.13607,22.133,33.027,idt2a,51.614,0.19736,62.829,79.69,idt2b,93.908,0.22102,105.469,123.982,idt2a,140.614,0.24355,148.533,162.311,286,availability_based,idt2b,0.55,4.0,0.72,0.6745,0
44,1278,idt2b,10.153,0.13607,22.133,33.027,idt2a,51.614,0.19736,62.829,79.69,idt2b,93.908,0.22102,105.469,123.982,idt2a,140.614,0.24355,148.533,162.311,287,availability_based,idt2b,0.55,4.0,0.72,0.6745,0
44,1278,idt2b,10.153,0.13607,22.133,33.027,idt2a,51.614,0.19736,62.829,79.69,idt2b,93.908,0.22102,105.469,123.982,idt2a,140.614,0.24355,148.533,162.311,288,availability_based,idt2b,0.55,4.0,0.72,0.6745,0
44,1278,idt2b,10.153,0.13607,22.133,33.027,idt2a,51.614,0.19736,62.829,79.69,idt2b,93.908,0.22102,105.469,123.982,idt2a,140.614,0.24355,148.533,162.311,289,availability_based,idt2b,0.55,4.0,0.72,0.6745,0
44,1278,idt2b,10.153,0.13607,22.133,33.027,idt2a,51.614,0.19736,62.829,79.69,idt2b,93.908,0.22102,105.469,123.982,idt2a,140.614,0.24355,148.533,162.311,290,availability_based,idt2b,0.55,4.0,0.72,0.6745,0
44,1278,idt2b,10.153,0.13607,22.133,33.027,idt2a,51.614,0.19736,62.829,79.69,idt2b,93.908,0.22102,105.469,123.982,idt2a,140.614,0.24355,148.533,162.311,291,availability_based,idt2b,0.55,4.0,0.72,0.6745,0
44,1278,idt2b,10.153,0.13607,22.133,33.027,idt2a,51.614,0.19736,62.829,79.69,idt2b,93.908,0.22102,105.469,123.982,idt2a,140.614,0.24355,148.533,162.311,292,availability_based,idt2b,0.55,4.0,0.72,0.6745,0
44,1278,idt2b,10.153,0.13607,22.133,33.027,idt2a,51.614,0.19736,62.829,79.69,idt2b,93.908,0.22102,105.469,123.982,idt2a,140.614,0.24355,148.533,162.311,293,availability_based,idt2b,0.55,4.0,0.72,0.6745,0
44,1278,idt2b,10.153,0.13607,22.133,33.027,idt2a,51.614,0.19736,62.829,79.69,idt2b,93.908,0.22102,105.469,123.982,idt2a,140.614,0.24355,148.533,162.311,294,availability_based,idt2b,0.55,4.0,0.72,0.6745,0
44,1278,idt2b,10.153,0.13607,22.133,33.027,idt2a,51.614,0.19736,62.829,79.69,idt2b,93.908,0.22102,105.469,123.982,idt2a,140.614,0.24355,148.533,162.311,295,availability_based,idt2b,0.55,4.0,0.72,0.6745,0
44,1278,idt2b,10.153,0.13607,22.133,33.027,idt2a,51.614,0.19736,62.829,79.69,idt2b,93.908,0.22102,105.469,123.982,idt2a,140.614,0.24355,148.533,162.311,296,availability_based,idt2b,0.55,4.0,0.72,0.6745,0
44,1278,idt2b,10.153,0.13607,22.133,33.027,idt2a,51.614,0.19736,62.829,79.69,idt2b,93.908,0.22102,105.469,123.982,idt2a,140.614,0.24355,148.533,162.311,297,availability_based,idt2b,0.55,4.0,0.72,0.6745,0
44,1278,idt2b,10.153,0.13607,22.133,33.027,idt2a,51.614,0.19736,62.829,79.69,idt2b,93.908,0.22102,105.469,123.982,idt2a,140.614,0.24355,148.533,162.311,298,availability_based,idt2b,0.55,4.0,0.72,0.6745,0
44,1278,idt2b,10.153,0.13607,22.133,33.027,idt2a,51.614,0.19736,62.829,79.69,idt2b,93.908,0.22102,105.469,123.982,idt2a,140.614,0.24355,148.533,162.311,299,availability_based,idt2b,0.55,4.0,0.72,0.6745,0
44,1278,idt2b,10.153,0.13607,22.133,33.027,idt2a,51.614,0.19736,62.829,79.69,idt2b,93.908,0.22102,105.469,123.982,idt2a,140.614,0.24355,148.533,162.311,300,availability_based,idt2b,0.55,4.0,0.72,0.6745,0
